1500.0
100
90
400
456
505
643
732
790
794
930
1050
1077
1089
1095
1225
1303
1345
1422
1435
1523
1704
1709
1721
1820
1960
1973
2010
2014
2027
2101
2110
2112
2255
2327
2335
2489
2555
2586
2623
2693
2771
2821
2856
2879
2898
2920
3013
3015
3086
3113
3144
3150
3151
3180
3209
3218
3220
3406
3478
3526
3561
3575
3595
3633
3685
3818
3835
3900
3973
4031
4049
4094
4100
4160
4190
4252
4313
4409
4414
4453
4511
4514
4591
4618
4706
4727
4760
4850
4881
4890
4896
5082
5117
5118
5153
5179
5228
5520
5579
5601
5604
