1250.0
250
32
40
51
61
62
64
91
127
170
211
254
270
271
312
313
316
333
373
402
405
409
422
439
460
467
494
495
510
518
526
580
601
620
624
641
664
742
757
767
782
827
834
857
858
874
898
908
928
978
990
998
1003
1028
1058
1065
1100
1106
1112
1164
1166
1176
1196
1199
1220
1256
1327
1332
1365
1457
1461
1472
1479
1484
1494
1498
1503
1560
1584
1588
1617
1640
1643
1727
1737
1741
1776
1793
1806
1827
1840
1842
1857
1894
1902
2005
2013
2022
2026
2054
2059
2080
2178
2220
2233
2264
2267
2278
2279
2285
2300
2305
2316
2402
2404
2432
2451
2467
2491
2523
2535
2547
2572
2577
2655
2671
2772
2784
2805
2813
2819
2820
2822
2824
2831
2832
2845
2903
2926
2928
2949
2965
2976
2980
2981
3002
3033
3034
3054
3095
3121
3216
3232
3253
3255
3302
3351
3390
3415
3433
3475
3476
3540
3544
3577
3584
3632
3636
3645
3663
3668
3715
3784
3819
3820
3833
3837
3917
3939
3999
4010
4028
4094
4122
4129
4138
4146
4239
4253
4267
4268
4271
4295
4367
4380
4424
4427
4444
4461
4472
4486
4556
4581
4605
4642
4658
4684
4701
4702
4723
4726
4733
4759
4769
4794
4807
4872
4876
4879
4888
4913
4928
4937
4962
5011
5030
5050
5074
5080
5110
5122
5147
5148
5159
5200
5214
5291
5311
5350
5360
5393
5408
5409
5428
5517
5521
5528
5533
5555
5564
5594
