1337.0
500
4
26
42
53
59
73
76
86
88
94
97
120
127
147
149
150
159
165
174
176
177
184
199
233
239
298
315
358
373
385
387
411
415
417
423
428
434
436
446
468
472
481
511
512
515
516
532
540
572
573
589
594
623
626
637
649
652
672
686
703
716
747
749
754
791
800
810
821
824
836
850
866
873
892
911
917
920
925
943
949
950
954
960
991
1010
1030
1034
1044
1045
1060
1064
1065
1093
1112
1120
1122
1140
1150
1167
1172
1180
1182
1183
1229
1230
1259
1267
1292
1305
1310
1324
1331
1334
1335
1338
1339
1341
1354
1370
1384
1388
1397
1406
1407
1420
1423
1424
1461
1463
1472
1489
1508
1509
1527
1535
1553
1556
1557
1583
1605
1617
1623
1629
1631
1635
1657
1672
1688
1700
1703
1707
1714
1748
1751
1755
1762
1765
1774
1779
1783
1785
1790
1799
1802
1817
1827
1828
1830
1840
1841
1865
1886
1918
1927
1937
1968
1983
1987
2005
2020
2035
2039
2043
2049
2050
2073
2094
2101
2113
2127
2144
2152
2174
2182
2184
2196
2211
2223
2228
2237
2258
2267
2275
2277
2301
2303
2318
2324
2327
2328
2350
2353
2364
2376
2391
2394
2401
2404
2410
2431
2444
2448
2478
2492
2493
2501
2502
2517
2548
2550
2572
2577
2598
2607
2608
2672
2676
2684
2710
2711
2794
2799
2800
2844
2848
2855
2899
2908
2912
2924
2946
2954
2964
2981
2988
2999
3007
3019
3024
3029
3037
3049
3054
3055
3057
3060
3080
3085
3092
3094
3112
3131
3137
3140
3153
3160
3161
3170
3192
3197
3230
3264
3271
3275
3301
3305
3332
3340
3346
3358
3372
3415
3418
3435
3442
3449
3456
3495
3503
3507
3532
3549
3564
3569
3574
3582
3596
3600
3602
3624
3633
3646
3650
3674
3684
3688
3692
3697
3712
3714
3729
3732
3735
3741
3743
3746
3752
3753
3780
3795
3802
3804
3812
3820
3824
3831
3836
3837
3846
3848
3863
3869
3878
3883
3904
3905
3912
3918
3928
3938
3942
3950
3968
4036
4044
4054
4060
4078
4088
4101
4143
4157
4158
4160
4170
4182
4192
4203
4215
4232
4238
4242
4244
4263
4266
4313
4319
4320
4328
4343
4349
4350
4356
4357
4380
4396
4406
4408
4416
4429
4430
4446
4452
4453
4456
4460
4461
4472
4474
4492
4502
4516
4520
4538
4565
4578
4579
4586
4588
4595
4602
4603
4608
4637
4646
4699
4718
4729
4736
4739
4750
4753
4754
4770
4806
4822
4830
4836
4839
4845
4847
4894
4900
4914
4937
4948
4953
4961
4974
5003
5010
5025
5027
5029
5034
5038
5042
5048
5054
5074
5087
5100
5110
5119
5126
5127
5146
5148
5152
5170
5181
5187
5188
5193
5199
5203
5206
5208
5222
5230
5260
5263
5268
5283
5296
5301
5316
5321
5361
5368
5373
5405
5411
5465
5467
5482
5485
5488
5492
5499
5500
5501
5516
5528
5535
5546
5558
5572
5576
5581
