500
40.328,-3.389,1676.0
49.154,8.137,11887.0
53.894,20.065,10066.0
56.258,26.382,9448.0
52.078,1.387,4396.0
52.261,7.677,11574.0
52.213,8.365,11590.0
49.647,8.844,7010.0
53.933,20.902,10058.0
54.092,21.79,10058.0
56.248,37.45,1897.0
51.442,2.955,10942.0
45.998,8.635,11269.0
48.933,3.279,11887.0
41.41,2.35,990.0
53.621,9.974,289.0
53.126,8.02,9867.0
53.027,7.483,10599.0
53.185,8.113,10485.0
51.507,-1.338,11590.0
42.027,-0.875,11277.0
41.405,-2.576,8176.0
41.37,-2.586,11277.0
53.18,11.506,9098.0
53.632,9.991,373.0
50.912,16.425,11277.0
54.358,12.282,6507.0
58.36,17.553,8839.0
51.649,0.004,2598.0
51.463,2.289,9875.0
52.387,5.129,1287.0
45.522,19.44,11894.0
49.475,10.581,8313.0
52.149,21.301,10675.0
53.63,26.006,10668.0
51.06,6.519,5829.0
53.376,6.277,11582.0
51.553,0.146,2750.0
51.619,0.076,3954.0
51.847,2.096,8481.0
53.002,6.399,5494.0
54.677,9.902,11582.0
58.55,18.764,11582.0
52.634,5.778,3192.0
60.148,22.029,9883.0
59.694,15.937,11582.0
59.395,20.873,11315.0
57.974,19.345,11224.0
58.242,20.059,11597.0
59.235,20.987,10972.0
59.688,17.973,579.0
60.313,24.561,3413.0
56.08,11.932,10972.0
52.152,25.354,11887.0
60.388,25.157,1882.0
59.955,24.666,5295.0
58.17,34.334,11887.0
55.973,37.414,182.0
58.142,34.376,10058.0
58.763,33.382,10066.0
51.894,-1.499,5151.0
50.932,-0.145,2804.0
52.418,-1.629,1600.0
51.674,4.171,6400.0
57.41,7.085,11902.0
48.51,15.602,4762.0
50.032,9.039,11277.0
38.276,27.533,11277.0
54.73,-5.936,998.0
54.743,-5.938,1158.0
50.604,-3.984,10660.0
52.588,7.358,11269.0
51.894,-0.48,7802.0
51.199,-0.055,2171.0
55.969,-4.247,1074.0
55.021,9.995,11216.0
51.804,0.697,7871.0
55.671,11.87,3131.0
55.779,12.637,1417.0
53.484,5.152,10668.0
51.194,-0.21,1546.0
58.905,14.652,11262.0
34.428,-7.754,8084.0
42.309,-4.068,11285.0
50.754,-0.209,5478.0
48.069,-2.961,11277.0
51.099,-0.465,2049.0
41.542,0.184,11871.0
42.523,-4.037,10660.0
50.077,-1.994,9723.0
43.912,6.472,10668.0
50.375,7.406,10058.0
38.571,-9.299,1150.0
45.823,19.077,10660.0
57.971,13.94,12496.0
51.501,-0.831,2918.0
52.872,4.058,10652.0
51.882,0.263,7635.0
55.319,5.157,10668.0
55.024,4.457,11277.0
51.502,-0.625,1615.0
55.122,4.706,11277.0
51.935,0.325,7818.0
54.554,-2.674,10965.0
51.032,3.146,11620.0
39.429,-0.261,815.0
45.341,3.855,11277.0
48.093,4.847,8839.0
49.958,0.573,8839.0
50.878,-0.253,5791.0
48.078,10.131,11277.0
39.705,-8.804,5608.0
39.262,-9.117,2811.0
44.127,-5.849,10652.0
50.959,-1.41,6469.0
40.914,-7.908,9448.0
50.116,4.628,11269.0
50.299,0.476,8991.0
46.292,6.189,800.0
51.464,-0.471,449.0
50.909,-0.319,5829.0
48.796,10.866,10683.0
44.768,20.763,10668.0
44.921,20.526,10675.0
53.023,12.143,10058.0
56.466,36.852,4008.0
53.985,18.948,10050.0
54.89,13.234,10660.0
55.389,-3.505,11887.0
57.219,-2.21,830.0
52.365,-1.99,7520.0
51.589,-0.072,1783.0
53.414,-2.476,7620.0
54.869,-4.689,5478.0
52.811,-1.095,9685.0
52.728,3.558,9448.0
40.34,-0.207,9555.0
52.847,3.38,9806.0
51.143,4.155,8892.0
48.769,9.016,11277.0
48.484,14.107,9898.0
45.922,18.899,11277.0
54.478,23.906,11887.0
54.759,12.043,10675.0
39.115,-9.024,4244.0
51.74,-3.252,10683.0
53.244,-4.555,8892.0
51.182,0.056,1097.0
52.053,-1.658,5935.0
52.52,-2.272,8602.0
52.586,-2.021,8199.0
52.181,-1.3,5494.0
51.632,-0.239,2438.0
52.212,-1.46,5547.0
52.63,4.444,1935.0
52.382,-6.261,8968.0
47.781,7.497,11887.0
41.661,-8.107,11277.0
51.206,15.869,10066.0
56.542,13.976,10675.0
52.546,-1.722,6614.0
52.537,-8.106,5882.0
54.954,10.933,11574.0
55.611,12.633,76.0
51.705,2.982,8465.0
55.306,11.822,6499.0
52.979,5.859,10972.0
51.151,-0.164,121.0
51.877,3.516,10797.0
52.544,4.913,10972.0
51.624,1.972,6682.0
51.168,-0.041,815.0
53.086,5.944,10972.0
53.723,7.502,10972.0
51.609,0.995,6019.0
51.701,0.914,4267.0
51.672,0.503,3771.0
51.868,3.19,11071.0
53.927,8.027,11582.0
51.7,0.896,5486.0
53.572,7.852,10873.0
55.618,12.644,327.0
55.57,12.569,868.0
55.994,13.363,7810.0
58.577,6.02,9144.0
48.116,7.974,11277.0
42.58,-2.363,11887.0
48.951,6.488,6553.0
40.922,-2.996,11277.0
52.045,5.991,11582.0
51.926,4.081,11582.0
51.919,3.986,11582.0
53.602,26.448,10668.0
55.991,37.533,586.0
54.802,9.292,11582.0
37.432,-7.594,3596.0
51.341,4.426,4008.0
56.457,20.454,11201.0
53.886,8.451,12184.0
56.323,19.129,12192.0
51.612,8.37,11582.0
56.355,28.259,11277.0
56.654,24.891,6355.0
56.298,37.087,3284.0
33.404,-7.6,617.0
43.43,-4.536,12192.0
40.71,-3.871,11582.0
34.408,-7.116,7741.0
55.922,9.742,9448.0
31.645,-7.77,3215.0
32.555,-8.126,7505.0
47.08,16.717,11582.0
51.645,0.032,2743.0
51.25,4.335,10972.0
50.64,6.275,10972.0
53.002,16.533,11582.0
40.051,-1.784,7414.0
53.303,34.858,10668.0
53.75,28.235,10660.0
50.917,4.496,11582.0
47.802,15.978,11109.0
46.537,17.061,9014.0
53.739,28.426,10058.0
48.987,-1.846,10408.0
48.979,-1.85,10363.0
50.256,-1.311,6858.0
51.34,1.298,2438.0
37.423,-5.68,777.0
43.264,1.429,11399.0
45.719,10.373,10965.0
48.825,12.349,9753.0
59.231,22.028,11010.0
44.541,0.328,12192.0
42.759,1.207,10347.0
46.275,-0.762,11582.0
50.166,-1.003,8351.0
47.414,-0.955,10363.0
41.268,2.065,601.0
50.3,-1.129,7513.0
48.119,-1.302,11590.0
44.615,0.226,11582.0
42.398,1.31,9326.0
42.726,1.193,9555.0
46.834,-0.865,10363.0
51.729,-0.122,4168.0
52.153,4.343,1752.0
53.158,-5.783,2537.0
48.611,1.336,11590.0
49.844,2.708,11582.0
53.983,8.375,11887.0
37.738,-3.179,11277.0
36.514,-4.523,10058.0
40.399,-2.305,5562.0
40.788,-3.007,3451.0
36.827,-3.937,3482.0
37.411,-4.705,5356.0
38.876,-1.677,11262.0
38.469,-2.788,11277.0
45.069,6.855,9761.0
38.485,-9.057,2331.0
43.908,7.833,10363.0
46.236,11.738,10363.0
52.67,25.73,10668.0
45.293,7.261,10370.0
53.504,27.807,11285.0
43.784,7.648,9745.0
46.255,11.772,10370.0
43.763,-3.922,12192.0
45.726,-3.624,12192.0
48.573,-1.612,10355.0
48.396,-2.503,11574.0
41.41,-3.611,10370.0
43.405,-3.824,11582.0
43.636,-3.864,11582.0
51.222,-0.576,2842.0
41.753,-3.622,9585.0
41.445,-3.113,7818.0
50.022,-1.655,9951.0
50.087,-1.648,9128.0
44.69,-2.986,10972.0
51.292,-0.477,3352.0
43.567,-1.706,10363.0
53.364,-5.979,861.0
41.001,-4.187,7010.0
51.939,4.956,10058.0
51.307,4.312,10668.0
36.268,-4.899,10668.0
42.334,-2.741,10614.0
43.741,1.448,10972.0
39.697,12.86,9761.0
35.61,30.674,11277.0
52.528,22.801,10066.0
48.056,11.783,10043.0
42.61,-0.456,10363.0
37.107,-4.519,4983.0
45.336,-2.813,11582.0
45.851,-2.616,10980.0
47.466,-2.248,10980.0
54.564,-5.591,8732.0
48.823,1.413,11590.0
52.737,-5.595,4008.0
39.804,-3.937,4236.0
37.494,-4.252,8221.0
54.557,30.517,11277.0
51.046,0.152,1783.0
41.577,2.892,11582.0
46.906,7.874,11582.0
47.818,-1.653,11597.0
40.254,0.072,7901.0
37.581,-5.709,10972.0
39.587,-0.716,2049.0
39.628,-0.807,2682.0
52.376,13.521,160.0
50.216,8.878,1668.0
49.394,-1.78,11216.0
51.168,-0.039,906.0
47.807,-2.22,10980.0
40.568,7.534,10972.0
43.662,7.26,701.0
48.557,3.199,11574.0
51.223,8.473,11887.0
47.489,-1.036,5052.0
47.596,7.32,3169.0
51.09,0.403,3848.0
51.325,0.047,3078.0
51.477,3.835,3817.0
44.164,1.364,11292.0
49.71,9.692,4373.0
41.207,22.801,7810.0
40.975,22.777,5128.0
36.591,24.978,6842.0
50.502,10.231,6309.0
48.853,17.487,10363.0
51.676,2.532,7284.0
51.369,2.55,9098.0
51.721,3.267,10972.0
51.195,13.443,7711.0
46.709,6.289,10972.0
49.91,9.461,11582.0
55.684,12.758,723.0
53.916,28.901,11277.0
45.76,8.871,3398.0
53.007,26.541,11277.0
47.789,6.995,11574.0
40.385,-2.635,3413.0
43.566,8.913,11285.0
39.42,-0.595,11285.0
51.273,0.653,11582.0
44.838,8.391,11582.0
49.708,9.689,4084.0
44.255,6.951,11590.0
41.795,11.944,3200.0
50.447,0.994,6278.0
46.311,5.043,11582.0
43.268,8.558,10980.0
44.325,11.509,10972.0
43.419,8.189,10980.0
42.814,10.439,10957.0
41.796,12.22,510.0
51.339,-0.621,2232.0
50.582,1.214,8328.0
45.968,7.503,10972.0
42.881,9.829,10972.0
45.851,7.856,10972.0
41.684,12.11,1691.0
41.05,7.102,10058.0
40.938,-0.546,10218.0
43.413,8.08,10980.0
41.165,9.559,11277.0
55.256,35.092,8229.0
53.745,28.443,11277.0
50.951,22.095,10660.0
32.293,33.853,7018.0
34.902,29.993,10965.0
34.9,29.963,10980.0
45.27,20.148,10972.0
37.495,27.463,10363.0
51.933,3.357,9372.0
32.017,34.897,22.0
35.335,29.431,12192.0
48.56,13.523,12192.0
42.485,27.084,10363.0
49.274,16.273,10363.0
36.318,28.106,10980.0
36.54,27.521,10972.0
33.342,31.818,10965.0
38.89,-9.077,647.0
34.733,31.412,9761.0
33.239,34.455,8580.0
39.401,11.16,10965.0
53.625,2.436,11574.0
52.151,7.185,8900.0
39.792,-5.195,10668.0
39.505,-6.634,10668.0
47.599,22.259,11277.0
38.722,-9.023,3284.0
47.768,-0.252,10972.0
50.319,8.642,11887.0
50.047,-5.32,10972.0
41.936,-8.608,11582.0
49.735,-1.892,10058.0
38.751,-9.152,480.0
49.439,-1.917,10919.0
51.386,-0.217,2194.0
39.13,-8.706,5067.0
51.385,3.718,5615.0
46.145,-3.67,10972.0
46.88,7.404,10965.0
39.477,-1.714,5273.0
39.079,-7.966,4922.0
39.566,-0.683,899.0
43.079,-4.823,11574.0
42.63,5.466,11590.0
40.726,3.117,10675.0
51.36,22.82,10668.0
51.791,19.619,11277.0
47.502,22.181,9494.0
49.143,9.359,11574.0
46.956,5.156,8869.0
46.979,4.946,10172.0
47.497,4.555,8534.0
51.338,0.006,2834.0
50.165,1.889,8526.0
48.695,9.034,12192.0
47.479,8.232,10279.0
45.297,4.314,8008.0
34.34,34.399,5897.0
50.99,1.325,3710.0
51.045,0.217,3970.0
47.759,5.49,10363.0
47.563,6.978,9197.0
53.583,11.222,11292.0
51.086,9.669,10370.0
43.188,10.78,9814.0
38.832,-9.108,259.0
42.158,-3.646,11277.0
45.685,4.608,10660.0
45.318,3.757,11277.0
40.869,29.774,11590.0
43.272,38.209,10721.0
42.589,37.526,10668.0
39.106,32.385,10363.0
45.204,-2.708,10957.0
50.269,8.597,11590.0
35.293,-0.88,11574.0
35.565,28.342,10363.0
36.575,25.205,10363.0
44.039,18.328,12192.0
36.484,29.0,11590.0
41.775,32.862,11582.0
52.597,18.042,10363.0
54.002,28.454,3162.0
50.499,40.166,10972.0
50.417,40.558,10363.0
49.562,40.467,10972.0
51.52,38.823,10355.0
53.168,39.836,10972.0
53.848,39.112,9761.0
44.439,39.462,9220.0
52.549,39.774,10363.0
46.556,40.101,10370.0
55.9,35.907,5341.0
56.111,35.611,6926.0
52.544,5.025,10972.0
52.018,3.609,10370.0
54.927,11.158,10363.0
53.367,7.41,10378.0
56.412,34.401,8869.0
52.947,6.696,6842.0
52.529,4.727,883.0
56.945,26.568,10363.0
56.633,22.472,10972.0
56.157,34.236,10363.0
55.977,36.87,3185.0
44.178,7.471,11285.0
39.435,2.142,11193.0
52.083,23.176,10980.0
40.313,-2.72,2324.0
55.459,32.161,10363.0
55.907,36.647,3726.0
41.104,-6.32,10668.0
55.94,36.298,7010.0
53.523,38.076,10058.0
38.68,31.899,10058.0
54.929,37.778,9105.0
53.657,38.525,10668.0
47.626,40.59,11879.0
50.807,39.789,10652.0
43.337,39.872,563.0
55.876,36.893,2750.0
53.083,38.759,10043.0
44.761,38.807,10287.0
44.142,38.717,7254.0
53.812,38.227,10668.0
55.977,37.426,0.0
51.081,39.64,10668.0
44.969,38.914,10668.0
52.522,37.102,9448.0
51.733,37.142,9433.0
56.911,24.23,10972.0
