100
52.005,4.69,8839.0
59.533,18.294,3154.0
58.718,17.62,6050.0
51.424,10.844,7315.0
41.976,-4.27,11269.0
43.636,0.876,11277.0
51.558,5.404,11582.0
58.054,19.35,7315.0
51.953,3.085,9753.0
52.327,5.087,1021.0
47.901,2.071,10668.0
52.362,-1.392,3162.0
52.743,13.225,3185.0
29.982,-12.786,8801.0
47.951,-3.62,11277.0
51.574,-3.024,4411.0
50.217,-3.503,9913.0
41.189,-8.578,11277.0
54.238,-4.68,6423.0
52.226,-0.885,9441.0
46.512,1.192,10675.0
52.549,-4.439,7604.0
55.807,12.951,1127.0
55.512,12.48,617.0
49.545,7.757,11887.0
51.3,7.253,10668.0
52.458,-8.151,5547.0
50.851,13.25,11277.0
51.577,0.216,3352.0
39.202,-8.106,5349.0
51.534,-2.926,8100.0
52.428,-0.209,11277.0
53.178,-0.616,11277.0
53.724,7.611,11582.0
54.526,9.669,10812.0
54.596,11.19,9677.0
52.169,19.153,8351.0
59.097,17.051,8130.0
56.588,26.46,10073.0
38.425,-8.171,11582.0
51.381,-0.241,2438.0
56.995,11.444,9448.0
33.915,-7.364,4914.0
33.412,-7.602,502.0
51.2,4.05,10370.0
55.151,32.877,7620.0
55.666,35.697,6644.0
47.037,16.006,10027.0
42.757,-3.515,5570.0
50.119,9.314,1226.0
42.696,1.165,10668.0
44.999,-0.112,11582.0
36.903,-2.127,990.0
47.353,7.275,4335.0
41.095,1.612,5532.0
41.511,8.484,10607.0
42.56,-2.426,10972.0
46.31,0.217,9144.0
37.023,-4.59,3962.0
51.915,-0.14,1143.0
51.374,-0.23,2118.0
41.243,-2.994,11582.0
55.151,32.972,8839.0
43.628,7.294,1188.0
51.105,0.421,4457.0
46.241,5.018,10972.0
47.178,4.137,10355.0
48.278,-1.559,3467.0
51.418,2.931,7315.0
47.875,6.094,11574.0
49.809,2.232,11132.0
42.178,11.215,7589.0
42.932,9.262,11574.0
52.324,4.967,769.0
42.473,11.927,6103.0
55.674,35.743,6408.0
52.556,4.786,982.0
51.66,2.141,8260.0
51.68,8.606,10972.0
51.652,14.188,10972.0
55.744,-3.044,2758.0
40.663,-7.666,10363.0
48.489,13.833,11574.0
51.319,-0.111,2743.0
46.807,7.026,8610.0
48.446,18.815,6126.0
46.329,40.153,10363.0
55.021,38.379,7879.0
46.855,40.201,10972.0
43.427,39.886,754.0
56.488,31.895,10972.0
56.146,18.093,11582.0
52.332,5.221,1394.0
56.057,36.372,5227.0
50.878,39.751,10675.0
47.595,40.368,11277.0
55.446,37.257,7216.0
51.58,39.36,10675.0
54.42,38.126,10668.0
46.391,39.769,10668.0
