50
50.951,4.902,1386.0
59.418,23.559,9555.0
53.228,-0.331,8694.0
45.849,-3.665,11887.0
53.303,4.923,11277.0
51.461,0.63,4960.0
41.01,0.025,11269.0
49.392,-2.37,11262.0
52.233,-0.586,5562.0
51.606,-0.659,2621.0
51.477,-0.539,922.0
52.252,0.524,7840.0
50.864,-1.516,7368.0
54.293,22.897,11277.0
51.742,-0.583,3566.0
55.99,35.905,5494.0
51.304,4.207,11879.0
38.801,-4.949,12192.0
51.426,-0.454,693.0
53.403,11.295,11582.0
55.023,32.546,10675.0
41.092,2.196,3634.0
54.803,25.624,10668.0
51.156,-0.624,3512.0
55.512,11.9,3680.0
58.224,13.557,10668.0
38.617,-8.894,2880.0
50.752,-0.771,5791.0
40.503,-3.318,11590.0
47.943,-1.273,11285.0
45.756,17.897,10370.0
48.949,3.763,10340.0
51.805,9.853,11582.0
37.65,-2.241,10668.0
47.978,5.987,10972.0
46.845,9.805,11567.0
50.398,6.166,7170.0
47.152,4.362,10972.0
40.048,15.631,11285.0
46.147,11.251,12192.0
47.148,-4.533,11590.0
44.153,-4.095,10972.0
47.022,5.094,8336.0
49.894,6.612,6705.0
44.971,19.991,3139.0
48.031,17.46,861.0
55.363,38.047,3901.0
51.56,0.103,3162.0
53.141,38.693,10668.0
53.827,38.199,10058.0
