2000
52.031,5.452,8458.0
50.528,3.801,5806.0
43.809,-0.924,11285.0
48.226,2.171,9433.0
46.362,1.731,9448.0
44.823,-0.184,11277.0
51.903,10.047,11582.0
52.476,9.921,11582.0
53.137,2.172,11582.0
53.368,-0.035,8206.0
52.389,13.522,11582.0
51.956,3.034,8084.0
51.931,5.152,11590.0
52.492,10.966,10660.0
52.375,13.519,129.0
54.564,6.91,11582.0
57.821,17.076,12001.0
55.462,15.044,11887.0
48.976,16.948,10668.0
45.082,0.113,11277.0
52.373,13.508,60.0
48.269,2.363,11277.0
39.202,-7.237,9494.0
39.346,-8.702,3360.0
43.463,-0.286,11277.0
48.595,9.21,11887.0
46.761,6.879,4251.0
48.976,9.686,11544.0
53.554,18.146,10668.0
54.563,24.568,10675.0
56.118,37.635,1341.0
53.708,18.787,10668.0
56.323,37.815,3070.0
52.576,13.59,4541.0
54.12,21.747,9448.0
56.009,37.666,899.0
39.613,27.084,11887.0
52.56,16.941,10668.0
55.208,33.255,10256.0
54.203,23.534,10668.0
50.565,4.99,10980.0
50.793,4.933,10965.0
51.164,3.853,10957.0
51.612,0.251,2606.0
54.949,12.344,4785.0
48.282,2.603,11887.0
47.069,6.918,10668.0
44.303,-5.123,11269.0
48.775,14.622,11887.0
53.561,9.826,1447.0
51.805,2.509,11056.0
51.794,2.352,10439.0
51.716,2.508,10081.0
52.002,3.69,11582.0
51.784,2.214,9029.0
53.334,9.137,6187.0
52.405,5.128,11590.0
59.489,18.2,4221.0
59.386,18.186,2750.0
48.836,15.678,11269.0
53.511,9.137,6286.0
51.567,5.502,11277.0
51.166,5.019,11277.0
41.153,-2.614,7124.0
53.569,9.86,1699.0
52.877,11.255,9883.0
43.427,-5.872,11269.0
40.09,-8.492,9151.0
38.55,-9.363,1828.0
42.449,-2.849,11887.0
48.66,1.494,11894.0
55.092,13.252,10066.0
55.503,14.689,10668.0
56.538,21.748,10668.0
55.599,34.727,8763.0
56.095,37.42,1699.0
51.15,0.252,1485.0
50.049,12.733,10439.0
47.343,16.79,11277.0
47.053,17.759,11277.0
51.188,0.101,1120.0
48.486,8.033,6644.0
50.16,1.775,10965.0
49.799,7.3,10485.0
51.483,2.68,10104.0
48.679,9.169,1104.0
51.478,-0.098,1440.0
49.203,8.264,8435.0
50.17,6.541,11590.0
49.634,7.721,9997.0
51.637,2.141,10226.0
51.214,8.742,11582.0
52.501,5.791,3436.0
50.834,9.907,9144.0
54.669,12.106,7429.0
52.953,11.008,10972.0
46.328,18.048,11277.0
45.872,17.372,11277.0
48.62,9.105,2766.0
47.753,14.621,11887.0
46.113,6.434,11902.0
39.618,0.024,2773.0
48.67,9.119,1470.0
46.895,14.108,11277.0
46.2,15.318,11277.0
47.315,12.944,11277.0
52.029,14.305,10675.0
56.036,31.407,10058.0
51.751,19.44,10660.0
51.358,17.662,10043.0
55.881,37.071,2743.0
53.402,25.044,10675.0
50.815,15.414,10668.0
55.905,37.275,2103.0
46.642,-1.782,10652.0
44.246,1.592,10660.0
57.984,20.268,11544.0
54.714,10.238,10972.0
54.443,9.505,10980.0
53.334,6.72,10972.0
52.82,5.526,10972.0
57.791,17.834,11590.0
57.703,17.545,11590.0
58.514,20.482,6705.0
59.016,22.463,8290.0
58.338,20.01,10972.0
57.99,27.283,10881.0
51.835,7.948,10965.0
51.504,7.408,8435.0
57.12,14.997,12199.0
56.612,13.788,12199.0
53.63,15.082,11887.0
59.841,24.372,7589.0
55.552,15.023,11582.0
52.953,14.453,11582.0
58.184,21.986,11521.0
53.287,15.124,11574.0
59.666,20.796,11582.0
51.075,0.952,4061.0
55.967,7.68,12496.0
54.425,8.719,13106.0
51.693,0.797,4572.0
57.51,11.854,12192.0
60.164,23.116,7124.0
52.206,2.183,9144.0
59.902,21.681,10637.0
59.523,19.322,10972.0
60.28,24.664,2042.0
56.646,9.417,10972.0
55.874,12.088,12192.0
54.051,8.013,10972.0
52.545,4.834,11590.0
59.316,16.824,10980.0
54.174,4.109,11582.0
51.759,1.212,6019.0
51.668,0.448,3268.0
54.435,4.33,11582.0
52.601,2.671,9319.0
57.657,14.976,10370.0
60.094,23.143,8008.0
57.311,11.58,10972.0
56.327,8.676,10980.0
54.999,5.327,10972.0
56.729,9.829,10957.0
52.207,2.584,9144.0
58.006,13.478,11574.0
52.301,4.432,10972.0
51.65,0.211,2750.0
57.219,15.167,11574.0
54.623,9.425,11582.0
54.052,-5.669,5021.0
55.725,12.822,1043.0
59.502,23.802,7894.0
56.351,13.579,4747.0
59.132,22.303,11407.0
58.483,20.756,11582.0
57.032,14.8,10972.0
60.018,23.571,8023.0
59.763,22.283,12092.0
56.591,15.675,11574.0
60.269,24.226,4678.0
58.786,17.433,10370.0
56.016,13.724,3977.0
60.386,25.179,2057.0
60.285,24.338,3276.0
60.162,22.784,4884.0
59.52,18.94,2667.0
60.099,22.25,5478.0
60.156,24.063,4671.0
55.399,12.774,9448.0
52.549,20.475,9753.0
41.696,-2.389,9898.0
55.043,16.68,11582.0
50.011,13.729,11582.0
53.466,2.708,10972.0
60.145,21.171,11323.0
40.169,-8.439,8724.0
39.424,-8.818,4450.0
57.296,10.863,10972.0
46.061,27.322,11285.0
41.625,28.784,11887.0
60.175,26.914,9791.0
55.781,36.402,5486.0
60.259,24.727,1539.0
59.287,25.036,9349.0
58.551,33.748,11887.0
57.319,35.832,9395.0
59.936,29.175,11277.0
57.008,37.666,5623.0
60.331,24.943,358.0
59.97,28.158,10058.0
53.04,-2.26,9448.0
51.974,-0.424,1996.0
51.8,-1.421,4572.0
50.924,-0.148,3223.0
52.509,-2.216,8778.0
52.087,-1.757,6004.0
53.515,-3.546,8839.0
54.123,-4.955,7353.0
52.823,-2.084,9547.0
53.256,-2.831,10058.0
52.055,-1.335,5143.0
53.289,-2.65,10058.0
55.784,11.217,4114.0
29.775,-13.007,6743.0
47.728,0.914,11277.0
50.166,15.222,11285.0
52.958,1.176,10668.0
53.147,-0.223,9570.0
51.478,-0.171,1097.0
52.631,3.424,4610.0
52.568,3.733,3573.0
55.823,9.745,10568.0
55.78,11.969,2689.0
55.875,4.307,11887.0
55.603,1.253,11285.0
53.652,-0.883,7757.0
53.614,-2.392,4259.0
57.293,10.385,11277.0
57.014,6.665,11269.0
54.94,3.382,11277.0
44.269,-3.981,11277.0
52.547,-2.02,7894.0
49.43,-3.544,11277.0
51.126,1.084,11277.0
52.219,-2.921,9448.0
48.126,-4.242,11277.0
51.964,-3.09,9776.0
53.243,-2.512,3444.0
50.697,4.693,10668.0
39.344,25.7,11277.0
49.277,10.122,11277.0
52.043,1.996,8823.0
53.926,-4.112,7940.0
47.527,-3.726,11887.0
55.835,9.68,10256.0
52.421,4.659,11269.0
46.759,4.973,7818.0
52.568,5.41,11894.0
53.49,-2.78,9753.0
52.383,-1.191,8001.0
36.737,-9.1,11277.0
51.586,5.71,11269.0
47.61,12.16,10652.0
47.269,16.963,10668.0
42.132,-8.633,10668.0
39.524,-8.847,7063.0
47.495,-3.868,11285.0
49.418,17.113,11285.0
50.076,13.538,10675.0
51.792,0.185,3695.0
51.261,7.419,10668.0
47.006,18.99,10668.0
50.175,0.605,9456.0
52.807,11.17,8747.0
51.94,0.858,7559.0
54.119,-4.505,8420.0
52.595,-1.168,10972.0
52.715,-1.236,10957.0
52.913,-1.563,10363.0
51.187,0.221,3329.0
54.073,-4.143,8564.0
54.556,-5.55,2727.0
51.195,0.126,2743.0
53.463,-1.733,10363.0
54.306,-2.523,9738.0
51.642,-1.976,9067.0
52.703,-4.851,5875.0
52.848,-5.08,4998.0
55.863,12.819,1394.0
53.904,6.529,11887.0
52.177,2.169,10393.0
53.957,6.714,11269.0
51.849,0.842,7947.0
54.302,7.887,11277.0
55.701,12.786,845.0
52.093,1.452,10096.0
54.376,7.825,11879.0
55.81,12.166,2385.0
53.588,5.761,11887.0
54.681,9.528,11269.0
59.74,18.242,1714.0
53.055,2.735,11879.0
30.84,-12.329,11277.0
41.404,-6.702,11277.0
46.066,-4.672,10668.0
51.216,0.798,6012.0
50.656,4.013,11277.0
47.236,15.524,11285.0
46.174,18.335,11269.0
51.259,0.28,3009.0
47.171,15.637,11277.0
50.138,8.384,10668.0
51.088,-0.668,3954.0
50.021,-0.124,7574.0
43.369,1.826,10607.0
41.653,2.22,3177.0
49.573,0.353,10218.0
48.495,0.621,11292.0
41.406,-4.022,5577.0
36.442,-4.283,1242.0
47.458,0.651,10668.0
43.222,0.624,10660.0
48.202,-2.701,11285.0
39.785,-4.377,11269.0
50.84,-1.469,8199.0
47.554,-3.198,11269.0
50.62,-1.686,8069.0
50.784,-1.475,8877.0
39.853,-4.368,11269.0
43.928,6.443,10660.0
47.998,2.831,10668.0
43.799,11.188,76.0
50.962,-1.017,4267.0
47.427,-3.956,11902.0
39.328,-9.111,5471.0
44.05,-5.904,11879.0
47.954,-3.476,11269.0
48.609,-3.101,11285.0
44.632,-5.552,11277.0
49.535,12.942,11262.0
48.153,19.193,10675.0
49.103,15.559,10668.0
50.994,2.972,10645.0
50.327,0.358,8420.0
49.665,11.4,11277.0
50.584,6.762,10668.0
44.746,20.544,10668.0
51.063,2.292,9624.0
45.815,19.094,11277.0
51.597,0.486,2423.0
50.987,2.812,10668.0
39.666,-8.285,4732.0
40.024,-7.945,10668.0
52.18,3.13,10759.0
51.868,0.251,6774.0
51.465,-0.435,579.0
52.17,-0.692,5661.0
55.814,-4.031,1676.0
55.013,-3.204,7002.0
53.415,-6.168,495.0
51.464,-0.573,1021.0
51.495,-1.266,6149.0
51.564,-0.661,1851.0
51.795,-0.116,4008.0
51.935,0.525,7109.0
52.541,3.752,11879.0
55.751,12.827,1196.0
55.751,12.454,1127.0
51.633,-0.5,1988.0
52.665,3.624,11292.0
54.583,8.582,11277.0
54.619,8.643,10652.0
52.606,3.155,10652.0
55.303,10.731,7559.0
55.496,11.552,3985.0
54.748,9.363,10256.0
51.791,-0.073,6393.0
55.369,11.309,6324.0
55.353,11.174,7124.0
51.787,0.039,5128.0
54.309,7.958,11285.0
54.115,7.2,11277.0
51.745,-0.12,3154.0
52.704,2.156,10363.0
54.341,3.684,11277.0
53.435,5.281,10675.0
56.909,13.743,10073.0
56.211,9.434,11292.0
52.296,1.396,9319.0
52.101,0.859,7109.0
57.368,10.508,11277.0
53.876,6.197,11269.0
53.816,2.793,11894.0
59.475,16.447,4366.0
54.183,3.191,11285.0
59.801,17.776,1470.0
59.197,15.733,7277.0
53.827,-2.917,6400.0
50.257,-0.073,9288.0
51.072,-0.399,5364.0
48.758,2.477,8831.0
49.679,1.259,8839.0
44.101,9.816,11277.0
49.652,0.696,9768.0
41.862,12.254,121.0
51.465,-0.491,579.0
32.506,34.148,3131.0
48.253,15.991,2392.0
51.201,1.129,7993.0
50.428,6.812,10660.0
49.869,10.662,10675.0
48.087,-3.379,11285.0
47.386,-3.901,10660.0
39.703,-8.666,4869.0
40.131,-8.537,8869.0
40.537,-8.176,10660.0
44.548,-5.591,10668.0
47.703,-3.525,11277.0
44.384,-5.691,11887.0
43.545,-6.199,11894.0
51.22,-1.039,4457.0
50.975,-1.52,5958.0
47.691,3.521,9456.0
46.56,6.406,2880.0
51.412,-0.618,1905.0
47.109,-3.213,10668.0
44.497,21.498,10675.0
34.702,34.917,4328.0
51.6,-0.59,1805.0
53.224,5.33,10668.0
56.417,27.512,10668.0
53.142,8.65,11292.0
53.595,12.121,11887.0
52.619,8.441,9448.0
55.305,15.703,10058.0
56.091,30.908,10058.0
55.031,29.17,10058.0
53.443,10.365,10058.0
54.449,16.074,10058.0
53.878,14.792,10073.0
53.159,6.201,10050.0
55.368,26.415,10066.0
56.558,22.356,9448.0
54.961,12.138,10073.0
56.083,30.978,9448.0
55.994,37.567,632.0
56.469,25.991,10043.0
56.068,37.69,1363.0
55.992,37.404,365.0
56.384,27.914,10683.0
44.005,0.714,11887.0
50.457,14.745,11277.0
56.445,-3.372,8694.0
56.988,-2.573,3543.0
52.245,-1.496,6309.0
51.709,-0.522,2743.0
55.981,10.876,7002.0
55.821,12.434,1874.0
54.546,-3.472,10561.0
54.709,-3.442,9052.0
55.954,-3.359,403.0
55.756,-3.459,3436.0
53.507,-2.794,7620.0
53.456,-2.765,7620.0
53.009,-2.512,7620.0
51.089,0.112,1348.0
51.484,-0.084,1607.0
54.007,-2.848,11285.0
51.717,-0.512,3352.0
52.224,-1.484,6286.0
52.88,-2.146,7620.0
52.019,-1.278,4861.0
55.626,-3.479,4739.0
53.601,0.006,11887.0
53.17,0.707,11887.0
52.838,2.669,7330.0
54.431,-5.369,3048.0
53.416,-6.183,457.0
55.901,-2.312,6964.0
59.652,17.922,0.0
54.109,0.938,10668.0
52.55,-3.294,11277.0
41.157,-4.24,11277.0
48.271,16.514,1051.0
50.206,-6.286,11285.0
46.779,-6.704,11285.0
55.086,-4.905,8831.0
48.418,17.314,3261.0
50.304,14.808,11277.0
53.424,-2.475,11574.0
55.724,12.446,2354.0
48.122,15.483,11277.0
44.244,20.977,11277.0
51.834,1.255,5181.0
47.429,-3.079,11277.0
51.854,-0.461,5775.0
49.645,11.506,11277.0
41.528,24.569,11277.0
52.354,3.501,8290.0
49.754,11.404,11285.0
47.935,17.196,2682.0
52.797,9.335,11269.0
52.875,11.781,6804.0
53.34,-2.694,685.0
51.644,0.045,2583.0
51.702,1.126,4328.0
51.514,0.014,1905.0
51.688,0.732,4419.0
51.825,2.809,7315.0
51.863,3.229,7315.0
51.484,0.0,1813.0
51.719,1.176,6697.0
51.9,3.02,7315.0
55.545,-3.773,2827.0
52.566,4.132,6019.0
53.615,-2.743,11582.0
53.666,-4.379,6957.0
53.401,-1.047,11582.0
53.689,7.406,9448.0
54.338,8.68,9448.0
55.41,12.589,1470.0
55.707,12.337,2872.0
54.169,8.426,10675.0
52.46,4.956,5173.0
59.138,15.536,7840.0
56.78,11.359,11277.0
53.308,6.327,11193.0
52.458,4.774,3398.0
53.35,5.835,10058.0
56.566,10.607,12496.0
56.788,13.212,11887.0
58.082,15.338,2910.0
56.256,13.056,8374.0
53.522,6.563,9387.0
51.922,4.762,4762.0
51.62,4.532,7231.0
45.812,0.543,10668.0
45.54,0.365,11277.0
48.043,2.033,10668.0
46.922,1.611,11879.0
50.271,3.657,10668.0
51.754,4.57,5707.0
49.885,3.212,11277.0
43.546,-1.13,11277.0
47.845,0.26,11277.0
42.594,-6.756,10652.0
45.272,-0.004,11887.0
48.395,6.692,10020.0
48.46,6.695,9898.0
46.475,15.149,11277.0
42.353,21.578,11277.0
40.069,25.333,11277.0
45.177,19.928,11277.0
53.498,19.14,11277.0
53.981,18.788,11887.0
55.175,30.648,11887.0
55.146,30.075,11277.0
55.173,12.18,11277.0
56.49,26.537,11277.0
55.998,37.594,777.0
56.522,22.935,10668.0
56.05,32.07,10660.0
56.485,25.054,11277.0
56.332,28.522,10668.0
53.972,8.313,10668.0
55.517,18.515,10668.0
56.358,19.874,10683.0
55.409,17.865,10668.0
56.528,21.83,10668.0
54.357,10.253,10035.0
56.507,25.785,9448.0
55.721,34.583,8846.0
51.525,5.059,3169.0
51.722,3.918,8572.0
53.155,-1.91,2857.0
47.11,-0.781,11277.0
45.709,-1.933,11277.0
49.19,2.293,10058.0
40.706,-7.636,11277.0
51.465,-0.416,198.0
51.794,-6.941,7482.0
51.633,-3.643,9006.0
51.667,-4.212,9174.0
53.828,-6.28,5783.0
51.632,-3.284,11277.0
52.517,4.002,2811.0
51.365,0.416,8907.0
52.36,-1.703,11285.0
52.842,3.796,11277.0
51.078,0.188,1417.0
53.266,-5.153,7589.0
53.41,-4.354,8351.0
53.294,-3.47,10005.0
51.737,-1.43,4587.0
51.256,-0.721,4572.0
50.954,0.016,2270.0
53.43,-6.398,982.0
52.262,-1.929,7185.0
51.15,-0.172,175.0
52.173,-1.94,6758.0
51.92,-1.518,5326.0
53.415,-4.494,9448.0
52.239,-1.892,7018.0
53.42,-6.259,304.0
51.657,-1.242,4572.0
53.308,-5.801,5974.0
51.579,-1.178,4572.0
53.287,-5.579,7056.0
53.524,-6.43,3375.0
51.753,-0.754,2910.0
51.69,-0.511,2743.0
53.045,-2.385,9936.0
51.647,-0.612,3657.0
51.761,1.924,7269.0
51.705,-0.484,2613.0
51.75,-0.626,2750.0
51.753,-0.766,3040.0
51.657,-0.404,2552.0
51.465,-0.281,716.0
51.722,-0.536,2735.0
52.592,-1.908,8244.0
51.776,0.237,2293.0
53.35,-4.198,10058.0
52.759,2.793,6309.0
53.409,-5.464,4640.0
52.756,2.638,7757.0
51.939,3.801,6080.0
55.925,3.992,11277.0
55.887,8.656,10713.0
55.077,4.088,11277.0
59.692,15.402,8115.0
57.142,2.578,11277.0
52.145,4.061,11277.0
40.618,-3.575,1143.0
50.77,-0.323,11277.0
51.249,-6.174,11277.0
50.988,-6.202,11277.0
41.622,-8.109,11277.0
51.347,11.627,11285.0
53.413,-4.439,8145.0
52.486,5.562,11277.0
51.414,11.396,11277.0
49.128,16.728,6050.0
53.378,-3.481,10058.0
53.243,-1.097,10058.0
55.962,3.516,10668.0
53.896,-8.931,1051.0
50.825,-0.627,3657.0
51.075,-4.0,10668.0
51.365,-0.958,3253.0
55.57,12.568,716.0
51.764,4.742,5372.0
55.485,12.335,2910.0
51.844,4.987,7292.0
55.14,11.157,8488.0
53.381,7.961,11582.0
54.758,-1.617,7559.0
53.632,-1.359,3672.0
53.608,0.238,9357.0
55.454,12.251,3162.0
52.442,4.657,11582.0
52.657,5.138,11574.0
52.966,5.808,11574.0
51.564,2.06,6042.0
55.618,12.64,0.0
55.484,12.333,2819.0
55.323,11.865,5387.0
54.279,8.998,11590.0
51.95,3.622,10462.0
55.502,12.385,2468.0
51.949,3.618,11506.0
51.924,2.913,11117.0
52.075,3.656,11582.0
55.262,11.701,5661.0
51.465,-0.316,579.0
51.786,2.24,10523.0
54.738,10.197,10149.0
53.276,6.407,10972.0
51.56,0.337,4572.0
55.597,12.611,266.0
51.478,-0.108,1333.0
51.627,0.595,5189.0
52.578,4.783,10957.0
51.478,-0.167,1211.0
54.334,9.147,11567.0
54.564,9.751,11582.0
53.668,7.401,11582.0
51.682,1.295,6377.0
53.739,7.548,11574.0
52.974,5.681,11582.0
52.852,5.396,11582.0
52.548,4.883,723.0
55.774,12.997,6248.0
55.688,12.902,5105.0
59.734,18.167,1600.0
55.714,12.955,5547.0
55.541,12.01,2667.0
43.199,4.627,10668.0
53.927,8.257,10980.0
40.112,-8.199,7840.0
50.007,-7.869,11277.0
53.034,7.401,10980.0
54.816,11.863,6461.0
53.511,10.813,10759.0
54.717,11.541,8282.0
52.495,17.204,11879.0
43.27,25.567,11894.0
37.385,29.914,11887.0
56.138,33.774,7620.0
51.181,0.052,1264.0
51.477,-0.505,320.0
51.455,-0.03,1592.0
49.705,6.107,2918.0
41.059,-2.606,6225.0
45.571,0.457,11277.0
49.632,6.223,472.0
39.038,-8.991,1615.0
48.547,1.846,11887.0
43.828,-4.926,11887.0
51.185,0.078,1188.0
58.372,5.507,5783.0
56.038,4.795,12192.0
58.158,7.069,7452.0
58.772,5.945,4297.0
52.474,10.656,12192.0
52.488,15.514,7726.0
52.395,11.483,11574.0
51.39,7.206,7056.0
52.21,18.885,9113.0
51.891,-0.27,662.0
52.311,14.366,10363.0
51.728,2.732,9745.0
52.345,16.807,9753.0
52.109,7.165,10370.0
52.388,12.863,10363.0
51.64,0.368,2933.0
52.281,15.655,11590.0
52.189,17.557,11490.0
52.196,8.511,11582.0
51.659,0.334,3345.0
52.317,12.43,11582.0
52.341,11.187,11582.0
52.149,20.26,4716.0
52.079,6.043,11582.0
52.079,20.031,6591.0
52.063,20.812,2499.0
51.778,2.179,9997.0
52.386,12.985,10363.0
55.618,12.656,266.0
54.757,15.41,10744.0
54.109,18.738,11582.0
55.009,17.933,11277.0
57.293,17.612,11277.0
52.179,20.85,1280.0
45.839,-2.433,11269.0
50.223,12.873,8534.0
49.893,11.907,8534.0
49.067,24.496,10668.0
47.262,22.487,10668.0
55.481,34.658,8237.0
52.329,21.887,5501.0
52.246,20.92,1424.0
55.054,32.643,8839.0
55.578,35.163,7322.0
54.075,28.274,10668.0
55.156,30.829,9448.0
55.286,31.902,10660.0
55.2,31.046,10668.0
54.974,9.708,11582.0
59.641,17.914,396.0
59.044,16.798,7635.0
57.107,13.64,11605.0
57.358,10.284,11574.0
51.434,5.211,10965.0
56.714,36.81,5029.0
55.192,9.839,11597.0
53.032,6.422,10980.0
55.419,10.373,10972.0
52.609,5.673,3589.0
55.738,16.677,12192.0
55.52,16.107,12192.0
54.694,20.173,12192.0
53.584,7.19,12192.0
55.455,15.272,12192.0
56.832,23.692,3192.0
55.5,-0.016,11582.0
56.736,22.703,8755.0
55.737,13.506,3375.0
55.867,15.597,7315.0
56.589,21.259,7315.0
56.212,18.171,7315.0
56.482,20.731,12192.0
59.202,19.598,6812.0
57.289,22.75,7223.0
59.62,19.17,4686.0
52.119,21.282,12192.0
56.654,25.564,8168.0
55.706,35.798,5029.0
56.434,27.648,11826.0
55.939,32.241,12496.0
56.083,37.597,1386.0
56.297,28.89,12473.0
56.314,28.705,10058.0
56.729,24.808,6050.0
56.515,26.938,10058.0
36.404,0.128,10972.0
50.08,-0.998,6934.0
41.157,-8.507,11582.0
35.384,-7.714,11582.0
42.731,-8.123,11574.0
50.397,-1.093,6888.0
51.183,0.075,1043.0
42.156,-5.322,11582.0
51.465,-0.284,541.0
37.78,-5.376,10363.0
51.207,-0.721,3139.0
51.464,-0.459,0.0
52.378,4.713,403.0
43.718,-1.916,12184.0
47.191,0.644,11582.0
40.342,-3.35,10972.0
40.161,-4.183,11582.0
36.541,-5.921,12184.0
48.731,2.807,1135.0
33.608,-7.526,3048.0
47.517,1.144,8206.0
36.63,-5.998,11582.0
47.645,1.182,7620.0
33.558,-7.849,3695.0
38.965,-9.036,1082.0
38.841,-9.103,312.0
36.492,-5.658,11582.0
35.855,-7.889,10355.0
38.793,-7.453,10363.0
41.687,-6.988,10363.0
33.7,-7.693,9738.0
50.724,-0.827,4389.0
42.122,-5.361,10584.0
33.341,-7.6,10165.0
36.264,-7.919,10972.0
42.343,-8.657,11574.0
38.708,-8.349,10972.0
43.236,-7.84,10972.0
36.467,-7.758,10972.0
42.526,-2.825,11582.0
31.669,-8.16,2141.0
36.206,-6.1,6713.0
49.245,11.415,10972.0
45.55,20.131,11582.0
49.305,15.676,11582.0
52.049,14.389,4533.0
48.08,18.802,11582.0
51.169,9.814,11582.0
49.029,11.977,11574.0
50.087,8.479,10972.0
42.692,23.414,0.0
50.414,7.286,11574.0
47.849,15.224,11590.0
42.732,23.349,1866.0
50.823,5.505,10972.0
42.426,13.936,11277.0
48.564,29.558,11277.0
52.141,33.098,10668.0
49.591,30.568,10668.0
48.535,21.62,10988.0
50.306,22.629,11269.0
54.689,31.127,11277.0
45.35,22.653,10363.0
53.651,27.949,10675.0
56.152,37.604,1920.0
50.956,5.04,2735.0
51.191,13.084,12192.0
48.349,13.901,10363.0
53.872,14.841,10347.0
46.019,16.559,5227.0
39.15,-0.813,7010.0
49.013,-0.835,10972.0
46.736,-2.391,10972.0
46.781,-2.452,11582.0
49.962,-1.356,9296.0
51.171,-0.022,899.0
47.296,-2.174,10355.0
51.148,0.206,1600.0
50.36,-1.163,6819.0
50.811,0.881,3345.0
52.332,4.712,0.0
43.209,-3.17,3657.0
39.325,-8.737,2750.0
40.704,-7.33,4762.0
42.278,-4.509,6400.0
45.093,1.106,10972.0
46.836,1.221,10972.0
45.433,6.748,10980.0
47.55,11.659,10965.0
47.097,11.433,9144.0
52.399,13.62,464.0
46.025,1.055,10972.0
46.374,-0.202,11590.0
52.077,-0.066,1965.0
49.895,-0.987,11064.0
46.17,-0.327,11590.0
51.013,0.11,2202.0
50.268,-1.103,6934.0
43.127,0.911,10972.0
43.355,0.645,11582.0
50.214,-1.286,7947.0
41.565,1.777,6096.0
42.741,0.982,10972.0
49.082,-1.571,10972.0
50.861,-0.321,3268.0
45.493,-0.224,11582.0
42.729,1.455,11490.0
46.611,-0.817,11582.0
43.998,0.557,11582.0
41.572,1.634,5623.0
51.175,0.004,1005.0
50.734,-0.696,4351.0
43.681,0.802,11567.0
42.493,1.336,10104.0
41.911,1.571,8534.0
48.339,-1.226,11582.0
43.073,1.178,11590.0
46.994,-0.536,11582.0
47.527,-1.166,11582.0
50.745,-0.826,4434.0
46.422,-1.085,10980.0
42.941,1.033,10370.0
51.119,0.155,1516.0
44.045,0.506,11574.0
46.297,-0.663,11582.0
48.854,-1.281,10972.0
41.541,1.585,6263.0
42.156,1.503,9494.0
51.563,2.579,9822.0
47.649,-0.899,11574.0
42.903,1.125,10005.0
49.063,-1.548,11170.0
50.361,-1.382,6873.0
48.217,-1.32,10363.0
41.243,2.053,944.0
46.291,-0.824,10363.0
51.34,-0.021,2743.0
44.748,-0.086,10355.0
49.304,-1.637,10363.0
43.58,0.644,11574.0
44.605,0.096,11582.0
49.071,-1.578,11582.0
48.424,-1.251,11582.0
41.244,2.056,586.0
51.465,-0.419,0.0
49.496,-1.485,10416.0
48.942,1.845,10363.0
44.437,1.245,12192.0
46.293,6.269,11582.0
41.599,1.807,6789.0
52.577,4.575,1219.0
49.121,1.662,10370.0
41.194,1.949,2324.0
44.389,0.222,11582.0
44.196,6.368,12192.0
42.31,4.693,10568.0
46.987,7.478,11582.0
41.945,4.144,9464.0
46.71,7.88,12192.0
54.943,12.36,4503.0
51.564,4.951,11887.0
44.325,6.379,10972.0
46.935,1.051,11582.0
43.485,6.034,10972.0
44.388,6.55,10980.0
55.467,11.623,4953.0
45.802,7.121,10355.0
44.458,1.182,10363.0
50.945,3.76,11277.0
56.296,10.462,11285.0
57.026,11.674,11269.0
54.354,7.693,11879.0
59.8,16.955,3665.0
41.097,1.946,2415.0
38.494,-2.136,10660.0
40.977,1.602,4671.0
33.15,-7.278,1783.0
35.48,-5.425,11887.0
40.281,0.532,9052.0
39.391,-0.733,10668.0
37.669,-4.25,8869.0
40.872,0.121,8823.0
37.856,-4.839,6621.0
38.626,-1.92,11277.0
40.585,1.054,7741.0
40.349,0.757,9867.0
37.928,-4.521,8801.0
40.586,0.966,8161.0
38.201,-3.335,10447.0
41.192,2.017,1562.0
48.538,2.259,2537.0
41.277,1.862,3749.0
45.158,1.083,10355.0
41.132,2.013,1859.0
47.434,7.254,2872.0
41.133,2.034,2125.0
42.504,4.928,9753.0
45.583,6.713,9677.0
47.309,7.7,2194.0
41.319,10.305,9616.0
43.492,7.186,9159.0
39.373,-7.454,7856.0
40.869,0.663,10416.0
38.698,-8.859,2590.0
40.515,-2.145,10683.0
41.434,3.388,8717.0
44.118,8.999,9753.0
51.364,22.83,10675.0
55.789,36.444,4411.0
56.493,37.474,2735.0
50.452,21.166,11269.0
45.003,9.601,10363.0
54.803,25.624,10668.0
44.461,8.762,10363.0
42.396,5.464,10363.0
42.997,5.537,10972.0
55.48,34.09,9875.0
46.427,-0.089,10980.0
40.959,-3.223,6644.0
40.732,-3.384,2964.0
42.635,-2.662,10972.0
49.165,1.744,10378.0
42.569,-2.406,9745.0
41.69,-2.864,9753.0
48.079,0.968,8534.0
48.168,1.048,10904.0
45.398,-0.649,10972.0
48.408,2.184,9144.0
44.382,2.722,10972.0
45.355,4.878,10972.0
42.449,-3.184,11574.0
45.322,-2.37,11582.0
47.155,-2.415,12192.0
42.65,-3.693,12184.0
45.773,-3.4,12192.0
43.72,-3.074,11582.0
43.91,-3.912,11582.0
45.687,-3.676,11597.0
51.177,0.022,1127.0
47.85,-2.239,11582.0
48.614,-2.019,11010.0
50.92,-0.063,2987.0
41.161,-3.602,6621.0
48.979,-2.154,11590.0
45.649,-3.591,11582.0
42.887,-3.738,11567.0
46.975,-3.159,11590.0
51.187,0.107,1097.0
40.994,-3.627,5189.0
44.4,-3.862,10965.0
40.773,-3.649,8161.0
45.605,-2.712,10355.0
46.885,-2.406,10363.0
44.608,-2.886,10370.0
40.69,-3.743,7680.0
48.568,-2.01,11582.0
41.927,-3.613,8442.0
44.526,-3.902,12192.0
42.231,-3.627,10363.0
43.135,-3.777,11582.0
45.764,-2.718,11597.0
47.813,-2.195,10370.0
50.68,-1.214,6149.0
43.074,-3.349,11582.0
43.423,-3.176,10363.0
40.881,-3.643,3916.0
45.748,-2.638,10363.0
41.429,-3.563,7917.0
44.551,-2.976,10980.0
44.699,-2.886,10363.0
51.477,-0.417,381.0
47.828,-2.205,10363.0
46.158,-2.408,10363.0
46.593,-2.528,11597.0
47.789,-1.873,11590.0
49.797,2.178,10355.0
41.279,-3.151,7414.0
41.834,-3.025,8534.0
45.31,-0.534,11582.0
51.861,4.137,3040.0
48.365,1.56,11582.0
41.233,-3.161,8054.0
47.175,0.622,11582.0
41.588,-3.623,9410.0
50.565,-8.597,11079.0
53.41,-6.071,861.0
52.903,-6.507,4267.0
43.08,-3.768,11582.0
50.536,-4.216,12192.0
48.137,-3.603,10972.0
50.499,-4.134,10972.0
50.072,2.667,12496.0
54.651,9.616,11788.0
55.769,12.777,1211.0
42.349,-2.905,10972.0
44.92,-0.973,10972.0
54.606,9.353,11803.0
42.597,-2.707,10363.0
41.641,-3.022,9372.0
54.818,9.963,8915.0
52.005,5.283,11277.0
45.785,-0.288,10363.0
48.62,1.277,10363.0
58.678,14.56,11277.0
44.219,-2.673,10965.0
57.986,11.839,10660.0
37.936,-5.337,11277.0
40.653,-3.724,3322.0
36.158,-4.9,10660.0
40.157,-3.557,7139.0
34.937,-5.866,10668.0
41.739,-2.52,5486.0
41.837,3.67,10363.0
44.396,-0.987,11590.0
41.431,-3.139,6957.0
40.492,-3.562,0.0
43.915,-1.295,10363.0
45.409,-0.416,11574.0
43.842,-1.484,11582.0
43.243,-1.913,10972.0
36.154,21.268,11269.0
40.271,-3.94,7437.0
39.399,-6.76,8839.0
38.406,-9.143,1424.0
39.034,-8.812,2217.0
39.387,-7.081,10287.0
42.084,4.847,10965.0
40.727,-3.389,3604.0
46.378,6.548,2743.0
44.752,3.481,9151.0
41.44,-2.049,9509.0
54.312,29.363,10066.0
54.729,31.293,10058.0
44.864,3.804,9761.0
55.745,36.174,5913.0
56.049,26.5,10675.0
55.585,34.826,8618.0
52.797,22.63,10668.0
40.468,-3.531,800.0
39.901,-3.44,10988.0
36.57,-4.608,3688.0
47.161,0.703,10972.0
50.936,4.054,3086.0
51.009,4.828,1379.0
50.775,5.211,1828.0
46.829,0.516,10972.0
52.32,13.787,1478.0
44.086,-2.703,10972.0
42.606,-2.967,11574.0
53.433,-1.222,2392.0
38.978,-3.601,12192.0
42.755,-2.9,12192.0
40.528,-3.313,11582.0
39.854,-7.891,11582.0
50.37,-0.887,8153.0
46.895,-2.418,10965.0
37.8,-3.93,8602.0
42.777,-3.15,10988.0
40.917,-3.232,10972.0
40.178,-3.446,10363.0
47.151,-2.317,11582.0
36.705,-4.541,609.0
37.425,-4.392,7863.0
46.128,-2.618,10972.0
37.444,-4.245,7444.0
41.71,-3.053,10980.0
36.952,-4.65,3307.0
43.777,-3.117,10363.0
48.094,-2.078,10370.0
51.465,-0.243,1021.0
48.874,-0.891,11582.0
48.695,-0.962,11582.0
41.361,-3.173,10965.0
37.053,-4.648,4968.0
43.441,-3.83,10972.0
47.042,-3.709,10972.0
54.369,-2.519,9860.0
50.75,-4.247,11590.0
38.504,-3.761,11582.0
50.049,-3.52,10972.0
36.785,-4.533,2407.0
53.268,7.312,12192.0
44.246,-1.496,11582.0
49.845,2.655,11620.0
43.085,6.456,11590.0
46.653,10.582,11582.0
47.452,11.1,11582.0
36.992,-4.511,3962.0
38.537,-3.745,10363.0
44.271,-1.479,11582.0
49.9,2.561,11567.0
44.741,8.996,11582.0
41.969,-2.993,10972.0
46.867,7.323,10965.0
39.664,-0.071,10363.0
45.454,9.989,11582.0
46.417,10.858,11582.0
48.63,12.289,11582.0
37.824,-4.191,8488.0
51.025,4.042,11109.0
37.454,-6.166,4876.0
37.065,-5.11,4000.0
39.116,-8.563,3543.0
38.044,-7.225,4876.0
51.832,20.0,10668.0
49.001,13.089,10972.0
56.146,37.576,1600.0
41.362,2.825,10370.0
53.346,26.749,10668.0
41.146,1.869,10363.0
55.332,32.387,10668.0
42.018,1.015,10972.0
44.831,0.201,10972.0
40.913,0.53,11582.0
52.02,-0.871,11582.0
43.741,-2.765,11582.0
50.786,-0.409,3307.0
50.956,-0.15,2621.0
42.955,0.813,11590.0
44.442,0.114,11582.0
40.067,-0.031,7071.0
39.552,-0.585,1821.0
49.676,2.615,11582.0
47.89,1.28,11590.0
51.2,3.617,6774.0
52.537,4.583,876.0
49.506,2.085,10957.0
42.893,1.392,9753.0
43.182,1.353,9761.0
39.82,-1.247,6995.0
39.855,-2.618,5486.0
39.509,-5.998,6103.0
38.813,-9.118,266.0
46.798,22.588,6537.0
40.981,2.0,8534.0
39.498,-4.792,11590.0
42.421,-2.895,10363.0
49.653,-1.438,11582.0
40.653,-3.916,11582.0
43.578,-2.848,11582.0
48.937,-1.982,11269.0
43.506,-4.49,10965.0
47.095,-2.857,10972.0
41.14,-3.831,10980.0
38.065,-5.775,7536.0
38.256,-5.391,8343.0
47.181,-2.38,11574.0
43.52,-3.279,10965.0
41.982,-2.928,11582.0
39.696,-4.568,12192.0
48.164,1.523,3863.0
48.763,2.597,1127.0
48.669,6.222,9761.0
51.177,13.443,7185.0
48.645,2.873,11590.0
50.069,1.36,11574.0
46.433,4.92,11582.0
48.452,3.202,10980.0
44.058,6.719,6454.0
48.081,3.631,11597.0
51.394,0.062,3048.0
47.44,4.122,11597.0
48.193,3.534,11582.0
52.32,4.843,335.0
46.575,6.507,10972.0
44.917,8.421,9784.0
52.178,11.562,11582.0
36.373,-4.229,10668.0
34.816,-6.016,10668.0
43.345,7.022,5440.0
48.782,2.748,1104.0
47.248,4.101,10370.0
45.958,5.247,9768.0
48.293,3.064,3070.0
47.339,-0.852,6652.0
44.294,8.996,8359.0
49.527,19.179,10370.0
43.662,7.53,4038.0
55.449,34.5,9418.0
49.437,2.115,3444.0
46.249,0.994,12306.0
37.457,-4.015,12496.0
47.435,1.645,9723.0
50.826,0.994,3040.0
48.69,-1.186,4572.0
51.413,1.016,2103.0
47.702,7.163,3985.0
48.593,4.116,10363.0
47.513,7.258,3924.0
47.891,5.327,10355.0
50.931,0.646,5364.0
47.537,7.44,2301.0
49.51,3.076,10370.0
47.7,11.535,11277.0
41.752,-4.967,11277.0
44.152,1.612,10675.0
47.425,10.397,11277.0
45.754,12.327,10972.0
47.616,7.228,10965.0
49.798,9.597,10972.0
47.343,7.643,11582.0
47.479,7.295,11597.0
46.349,18.988,11582.0
52.526,5.494,2788.0
40.085,23.154,4960.0
36.366,25.227,5844.0
39.993,23.247,5455.0
35.732,25.306,2362.0
39.379,23.52,9639.0
35.581,24.088,2308.0
37.014,26.807,11277.0
48.07,17.717,2446.0
48.285,17.38,1257.0
55.976,37.419,0.0
45.695,22.73,10363.0
48.614,22.034,10675.0
52.914,26.36,10675.0
52.961,26.476,10668.0
50.286,9.315,10957.0
49.485,10.198,6896.0
51.701,2.813,9700.0
51.887,8.299,11582.0
49.583,16.437,10957.0
48.727,13.07,10965.0
51.466,-0.058,1363.0
47.881,16.883,8191.0
51.03,17.425,11582.0
41.308,1.478,9448.0
48.235,19.824,8305.0
54.743,31.35,10058.0
55.139,33.06,10668.0
53.111,26.802,10058.0
47.641,19.046,3063.0
41.236,10.255,9753.0
41.033,11.471,4739.0
51.03,4.549,1043.0
47.792,11.644,11590.0
51.113,0.2,1836.0
49.986,2.101,10972.0
50.161,4.999,10668.0
41.968,12.35,3718.0
45.801,10.263,8694.0
48.334,16.916,11277.0
50.784,21.561,11277.0
53.327,27.348,10668.0
47.504,15.265,10965.0
52.473,25.248,11285.0
37.655,-6.015,1828.0
49.465,6.139,10363.0
44.219,7.798,11277.0
49.967,7.025,6804.0
49.298,8.292,10843.0
45.63,12.132,3322.0
48.5,5.525,11574.0
50.299,1.395,8069.0
48.45,4.686,11574.0
49.855,2.823,10972.0
37.745,-3.2,11277.0
37.646,-4.656,6019.0
45.785,7.854,8260.0
43.472,13.057,10972.0
42.977,11.787,8275.0
48.418,9.376,10988.0
51.141,4.596,1135.0
49.424,8.0,10363.0
50.752,5.507,3223.0
42.277,10.913,8526.0
46.578,4.933,11590.0
48.25,3.536,11582.0
50.923,0.308,3002.0
44.554,6.655,11567.0
46.378,4.996,11590.0
43.154,9.015,11582.0
47.278,4.299,11567.0
50.737,0.673,4488.0
44.315,7.068,10957.0
45.73,5.688,10972.0
50.197,1.398,8023.0
42.913,9.737,10370.0
50.426,1.178,7947.0
42.626,10.175,11582.0
51.357,-0.207,2598.0
42.87,9.856,11590.0
43.548,9.621,10980.0
50.484,1.412,9692.0
48.791,3.14,11582.0
49.362,2.949,10988.0
49.592,2.644,10965.0
47.593,5.185,10980.0
41.975,12.025,2346.0
47.659,6.005,9761.0
48.075,3.698,10972.0
48.071,3.663,10980.0
43.061,10.268,10050.0
42.963,9.608,11582.0
41.781,11.963,2659.0
43.274,8.634,10972.0
45.852,5.514,10972.0
42.855,11.691,8823.0
42.107,11.969,5417.0
47.025,5.935,10980.0
42.099,12.048,3528.0
42.174,11.986,5097.0
46.009,11.343,11574.0
51.663,7.889,11582.0
42.265,12.001,5311.0
48.127,11.33,11582.0
45.376,7.822,12192.0
51.534,3.879,5006.0
44.124,11.611,11582.0
46.7,10.958,10965.0
45.165,11.455,10972.0
52.542,5.353,2727.0
50.86,11.591,9753.0
42.991,11.674,10835.0
46.059,11.414,12184.0
54.882,12.632,4884.0
36.791,1.708,11574.0
33.049,-7.061,3169.0
41.792,12.21,396.0
42.624,23.541,1943.0
40.949,7.186,11277.0
41.613,12.035,2827.0
39.592,9.975,11277.0
41.196,1.17,10058.0
40.574,11.44,6720.0
39.619,10.165,10210.0
41.206,1.387,9448.0
40.567,-1.87,8763.0
40.889,-3.209,2697.0
39.971,4.372,10081.0
39.385,2.348,11887.0
41.798,12.229,274.0
44.323,9.759,10363.0
46.459,16.254,9136.0
41.144,3.679,10660.0
39.26,-7.119,11262.0
41.298,2.031,11269.0
41.579,11.977,3840.0
41.259,2.652,11269.0
41.286,2.344,11285.0
40.312,-2.821,10668.0
39.571,-6.223,10668.0
42.206,11.13,8450.0
42.288,11.946,5615.0
44.071,10.958,8534.0
38.464,19.623,11269.0
48.66,19.846,11285.0
56.126,37.688,1219.0
50.393,21.911,11277.0
42.227,12.569,7307.0
52.002,24.241,10668.0
47.94,18.81,10668.0
50.256,21.588,10660.0
43.898,13.49,10363.0
42.61,12.675,9083.0
55.148,33.096,10668.0
55.915,36.677,3352.0
43.744,13.711,10363.0
44.583,14.902,10363.0
45.375,14.616,10675.0
43.281,13.016,10363.0
53.88,28.804,10668.0
46.447,17.276,10660.0
53.796,28.578,10675.0
51.346,2.785,7612.0
49.347,2.966,11269.0
49.592,2.83,10363.0
44.113,10.607,6530.0
43.483,6.347,9433.0
42.256,3.823,8115.0
44.259,18.785,10980.0
35.898,28.681,10965.0
44.836,18.012,11582.0
47.076,15.201,11582.0
41.628,29.585,10363.0
42.673,28.603,10363.0
50.278,18.786,10363.0
44.452,24.405,10972.0
45.339,20.064,10363.0
46.514,21.494,10363.0
33.878,31.436,10965.0
41.578,23.341,10965.0
44.265,21.138,10972.0
41.815,23.35,10980.0
46.165,19.044,10972.0
46.279,18.931,10980.0
39.141,26.094,10363.0
35.112,29.731,10972.0
34.414,30.698,10972.0
34.828,30.062,10972.0
50.107,10.857,10965.0
48.349,13.963,10972.0
52.032,0.694,3238.0
40.093,23.787,10980.0
50.739,7.554,10957.0
46.567,16.061,10370.0
35.719,28.918,10363.0
45.131,17.772,10980.0
44.189,18.13,10988.0
37.823,27.145,10347.0
43.675,18.108,10363.0
37.001,27.311,12192.0
43.938,17.001,12192.0
36.617,27.744,11582.0
37.864,27.207,11582.0
49.943,9.038,11582.0
36.026,28.553,11582.0
32.982,32.651,11582.0
49.378,8.228,12192.0
45.039,19.997,12192.0
39.728,25.454,12192.0
32.156,34.019,6027.0
51.049,4.694,11582.0
51.358,3.61,11582.0
35.435,29.279,11582.0
36.528,27.864,11574.0
36.773,27.578,11582.0
46.381,14.542,12184.0
49.396,7.566,12192.0
32.133,34.199,4610.0
35.287,29.497,11582.0
46.149,14.541,11582.0
47.167,12.643,11574.0
51.23,3.666,10355.0
51.581,2.891,9890.0
51.495,2.483,11102.0
51.693,0.541,3131.0
43.977,24.986,10363.0
41.043,22.952,10972.0
46.267,16.585,10980.0
32.283,33.844,7117.0
34.561,30.387,10972.0
35.366,29.364,10972.0
32.412,33.43,8656.0
48.492,19.574,11582.0
52.273,17.308,11582.0
32.523,33.254,9845.0
41.798,29.387,10972.0
46.658,26.992,11582.0
32.434,33.488,9555.0
35.957,28.592,10980.0
35.155,28.338,10363.0
35.032,25.823,12184.0
35.385,31.256,10965.0
33.62,31.433,8526.0
38.872,-9.086,518.0
35.861,26.714,10363.0
33.641,31.183,9753.0
34.032,31.053,10988.0
35.273,34.115,11582.0
45.791,39.851,10347.0
32.001,34.8,922.0
46.283,40.011,10363.0
56.277,37.582,1844.0
36.172,34.168,9761.0
52.11,39.898,10370.0
53.558,40.26,10363.0
51.425,40.316,10957.0
45.331,39.706,10363.0
50.657,40.584,10363.0
54.432,38.775,8732.0
55.503,37.885,5128.0
31.999,34.72,1417.0
37.699,12.738,11574.0
48.343,15.104,8740.0
50.603,6.241,6614.0
50.952,4.864,1173.0
50.389,7.377,10980.0
50.013,9.757,11582.0
50.191,9.122,11574.0
48.198,16.78,2667.0
48.057,14.363,8534.0
47.478,23.042,10668.0
49.123,17.312,8046.0
55.5,33.75,10561.0
59.115,11.708,10675.0
51.179,0.046,952.0
40.546,-6.845,9799.0
50.497,3.444,6515.0
41.893,-4.366,11582.0
50.427,3.395,7193.0
50.761,10.478,11887.0
41.303,-7.259,10972.0
47.103,-3.595,11582.0
46.978,-4.733,11582.0
40.746,-7.684,11582.0
38.766,-9.135,15.0
42.099,-8.424,10965.0
48.725,-2.769,11582.0
42.049,-6.862,10355.0
51.086,-0.677,3230.0
42.386,-7.723,10972.0
47.372,-4.319,10980.0
48.546,-2.987,10972.0
51.465,-0.069,1447.0
51.465,-0.371,434.0
39.903,-9.078,11582.0
42.869,-4.869,10111.0
51.437,-0.091,1181.0
40.304,-8.944,11582.0
47.623,-4.003,10347.0
51.321,-0.31,2133.0
49.556,-1.794,10805.0
51.465,-0.354,457.0
49.035,-1.619,11582.0
44.527,-3.808,11582.0
42.738,-4.946,11582.0
40.548,-6.79,10363.0
44.201,-1.324,10363.0
40.144,-7.339,10767.0
52.406,4.474,1066.0
45.443,-2.865,11582.0
38.827,-8.75,5120.0
39.062,-8.787,3505.0
47.234,0.443,10972.0
49.78,2.506,10972.0
52.148,5.596,11879.0
42.79,-4.99,11582.0
43.423,-4.54,11574.0
50.71,15.703,10660.0
58.918,15.17,10820.0
50.461,3.06,10972.0
47.067,-1.05,11582.0
42.37,-5.161,10363.0
36.189,-7.984,10668.0
34.393,-7.794,7642.0
39.762,-6.601,9144.0
39.387,-5.573,5486.0
39.517,-4.677,5486.0
39.792,-6.578,11582.0
48.726,2.395,182.0
43.733,-1.636,10363.0
39.456,-8.313,5951.0
41.764,-4.627,10965.0
41.57,-5.061,10363.0
43.995,-1.414,10363.0
41.509,-5.331,10972.0
42.697,-0.85,10363.0
43.045,-1.873,10988.0
40.652,-6.706,11582.0
39.519,-8.084,9235.0
42.802,5.948,10363.0
41.297,-5.556,9753.0
42.354,-2.666,10363.0
52.611,25.544,10058.0
39.48,-0.872,10363.0
50.572,6.692,11590.0
42.537,4.653,11277.0
46.311,20.304,8321.0
51.866,1.956,5654.0
52.011,0.639,2392.0
46.246,5.917,3863.0
46.436,5.844,4724.0
48.183,6.159,8549.0
52.257,13.718,1783.0
52.186,-0.766,9288.0
51.799,-0.071,3558.0
50.156,1.296,11582.0
50.205,1.267,10972.0
46.97,5.174,10347.0
47.544,4.728,10972.0
47.972,4.093,11590.0
46.384,5.659,4991.0
48.088,3.916,10965.0
49.911,1.853,10668.0
49.591,2.225,10050.0
50.897,0.14,2712.0
46.879,5.148,8587.0
50.31,1.282,7856.0
51.275,0.104,2644.0
50.942,0.857,5859.0
51.476,-0.463,99.0
50.653,1.063,8206.0
48.28,3.713,11574.0
50.882,0.738,6301.0
46.573,6.208,4305.0
46.291,5.833,4838.0
51.157,0.163,3642.0
49.991,1.953,11582.0
46.272,5.716,4914.0
46.239,5.91,4290.0
53.419,-1.407,11887.0
48.44,6.274,9144.0
52.428,5.852,4442.0
52.308,4.365,1356.0
52.558,10.822,10370.0
52.711,12.005,11582.0
41.355,-1.515,8724.0
44.106,1.637,8839.0
45.648,4.84,6964.0
46.05,5.768,3649.0
43.458,-0.216,8221.0
44.781,2.713,11887.0
42.252,-3.444,10675.0
53.418,24.718,10050.0
55.004,30.218,10050.0
47.967,9.225,8138.0
48.819,8.584,10363.0
47.459,8.53,1074.0
49.993,6.1,8031.0
47.488,8.499,2689.0
47.853,6.123,11422.0
50.53,1.804,6492.0
49.619,3.065,10355.0
47.424,8.42,2240.0
51.325,0.051,2438.0
51.338,-0.133,2712.0
48.236,5.109,9761.0
51.436,0.002,1638.0
51.337,0.005,2644.0
50.33,1.662,10347.0
47.382,7.334,7132.0
49.231,3.324,9745.0
49.244,3.086,10363.0
47.657,6.573,9532.0
48.884,4.153,11582.0
50.21,1.799,11597.0
51.088,0.406,4351.0
49.937,2.307,11574.0
47.411,8.209,4206.0
49.854,2.386,11590.0
50.322,1.678,11269.0
51.478,-0.095,1447.0
49.242,3.397,11567.0
47.418,7.757,6324.0
52.525,5.202,2209.0
49.042,6.448,11582.0
50.432,5.038,9822.0
52.283,4.423,1363.0
51.178,8.213,10347.0
49.924,5.787,10965.0
52.328,4.823,327.0
50.88,4.559,7368.0
47.501,8.756,4084.0
48.273,9.124,8122.0
49.479,9.491,9753.0
50.807,9.875,11590.0
51.787,10.37,11574.0
50.038,10.874,10492.0
47.521,8.941,4587.0
55.452,12.776,1889.0
50.387,9.886,11871.0
49.6,14.061,8229.0
48.367,9.497,8465.0
48.685,9.553,9486.0
51.969,11.533,10675.0
45.571,4.382,11887.0
45.694,4.615,10660.0
39.548,-2.793,11277.0
42.337,3.805,10668.0
47.796,12.414,8229.0
45.109,3.431,10668.0
38.716,-8.444,5234.0
41.325,-5.947,11887.0
47.408,9.758,8481.0
48.622,17.1,10332.0
47.667,12.985,10058.0
36.828,34.156,8534.0
37.737,28.431,10972.0
48.31,4.883,10980.0
40.673,29.867,11590.0
39.0,29.693,10972.0
47.668,11.017,10957.0
37.164,30.431,5524.0
47.547,11.937,12192.0
40.305,33.938,10660.0
37.98,32.015,9525.0
53.371,39.359,10363.0
53.527,39.278,10363.0
45.211,39.67,10363.0
44.97,39.579,10972.0
48.815,40.411,10363.0
44.085,38.975,10972.0
51.884,39.191,10363.0
41.181,22.862,11582.0
45.902,15.136,11582.0
42.68,20.499,12192.0
47.96,16.53,11590.0
46.315,21.004,10972.0
47.156,26.157,9921.0
47.419,25.553,10988.0
54.316,30.028,10668.0
51.629,23.501,11277.0
55.992,37.554,571.0
47.1,28.658,4831.0
53.349,27.42,11277.0
47.325,-2.282,10980.0
46.98,-3.294,10363.0
50.18,8.175,11582.0
47.996,14.962,11582.0
51.311,25.496,11277.0
46.489,20.255,9989.0
33.892,34.807,5173.0
36.856,28.606,10370.0
49.847,2.513,10980.0
42.884,19.823,10370.0
39.021,26.138,10370.0
36.099,33.865,10355.0
50.754,5.973,10980.0
47.394,16.509,10972.0
48.238,14.377,12192.0
49.316,14.291,11582.0
40.573,29.982,11590.0
46.832,25.055,11582.0
34.855,31.844,10363.0
34.889,31.331,10363.0
37.43,27.987,12192.0
47.922,3.946,7536.0
36.975,25.973,11574.0
35.981,33.815,10896.0
49.831,9.433,11582.0
51.827,16.738,11582.0
54.033,27.54,3291.0
53.422,21.958,10363.0
53.422,25.583,10363.0
52.443,9.116,9753.0
51.416,39.767,9448.0
54.909,32.05,9448.0
53.922,27.97,1310.0
54.535,30.382,9448.0
54.066,28.991,6050.0
55.613,35.372,7665.0
53.889,28.23,2095.0
56.012,37.538,883.0
47.882,40.378,10965.0
55.919,37.806,1242.0
53.474,37.781,10363.0
55.95,36.739,2438.0
46.631,39.915,10172.0
55.177,38.26,7559.0
50.272,40.336,10363.0
51.56,40.037,10363.0
53.201,39.447,10363.0
52.764,39.667,10972.0
52.506,38.138,10363.0
53.607,37.722,10363.0
50.587,40.577,9753.0
50.107,40.144,9761.0
50.434,40.559,10980.0
55.038,38.366,6164.0
46.64,40.145,10751.0
55.363,38.047,3901.0
53.943,39.059,10355.0
45.266,39.342,2796.0
47.719,40.373,10363.0
49.023,40.421,10972.0
56.117,37.622,1386.0
44.656,39.508,10416.0
44.233,39.459,7871.0
43.77,39.438,8145.0
45.451,39.742,10363.0
50.05,40.351,10363.0
51.903,38.493,10363.0
50.792,39.799,10972.0
54.894,38.465,9738.0
56.12,37.785,1554.0
56.008,37.664,716.0
43.408,39.739,2430.0
45.827,39.863,10972.0
45.792,39.852,10972.0
48.662,40.406,10965.0
53.415,39.201,10972.0
43.944,39.514,7780.0
48.609,40.404,10363.0
49.803,40.493,10363.0
55.335,38.08,7764.0
49.661,40.432,10980.0
56.458,37.638,2506.0
44.399,39.455,8496.0
54.891,38.593,6088.0
46.974,40.241,10972.0
55.378,38.03,4572.0
53.522,15.043,11582.0
52.606,14.289,10355.0
56.721,28.533,10972.0
56.764,27.664,10370.0
55.324,15.256,10972.0
53.889,17.091,10363.0
52.945,13.98,3177.0
52.703,14.091,2598.0
52.79,14.173,3299.0
50.144,9.03,1516.0
51.526,12.887,10972.0
55.833,34.849,8671.0
55.872,33.794,10980.0
52.728,9.778,10972.0
51.64,0.02,2644.0
51.533,0.02,1965.0
55.91,36.951,2278.0
51.653,0.374,4267.0
56.707,28.611,9768.0
56.429,20.637,10363.0
55.995,16.674,10378.0
56.023,36.602,4267.0
51.769,2.052,7734.0
55.996,37.565,1242.0
56.978,24.225,9753.0
51.37,0.325,3048.0
51.768,3.068,10363.0
56.397,32.947,9753.0
52.435,10.453,10363.0
55.849,16.467,10355.0
54.609,20.586,10980.0
53.704,8.479,10980.0
55.315,13.39,10363.0
56.52,31.784,11582.0
56.635,23.989,11582.0
56.473,21.148,10965.0
53.635,8.546,10965.0
56.562,30.951,10972.0
56.498,21.184,9753.0
55.964,37.365,632.0
56.647,29.325,10363.0
56.714,28.612,10355.0
56.652,21.435,9753.0
56.445,20.529,10972.0
56.633,23.109,10972.0
55.968,37.411,0.0
59.771,18.673,3093.0
58.321,25.727,10363.0
58.553,24.809,10363.0
58.056,26.735,10363.0
57.089,24.047,845.0
48.521,29.072,10972.0
49.728,30.141,10972.0
52.28,24.175,10980.0
53.28,26.176,10378.0
42.858,0.133,10058.0
53.978,27.731,10972.0
46.728,11.998,10363.0
55.775,34.091,10363.0
53.12,25.873,10965.0
46.742,17.567,9753.0
51.36,21.665,10972.0
48.176,18.73,10972.0
55.893,35.736,5821.0
54.727,21.317,10972.0
47.769,2.304,11277.0
46.489,39.669,10058.0
52.424,38.92,11277.0
41.273,35.106,10972.0
51.7,39.293,10675.0
55.042,37.481,7703.0
50.444,39.986,10668.0
53.064,38.66,10668.0
50.307,40.059,10668.0
48.204,40.389,10668.0
53.314,38.572,11277.0
47.002,40.496,11277.0
53.147,38.691,10668.0
49.661,40.398,10668.0
45.169,39.414,579.0
55.732,36.954,3756.0
48.427,40.397,10668.0
44.907,39.036,792.0
54.319,38.246,10058.0
53.84,38.259,10668.0
53.744,38.304,10668.0
53.137,38.58,10058.0
55.717,36.96,3840.0
54.576,37.893,9494.0
47.035,40.466,10668.0
55.414,37.415,6012.0
55.661,37.0,5730.0
55.362,37.253,7254.0
48.397,40.396,10668.0
52.671,38.776,10058.0
53.094,38.709,10683.0
48.737,40.408,10668.0
55.43,37.388,6705.0
55.732,36.955,4732.0
47.048,42.228,9448.0
55.362,37.506,7117.0
43.9,38.786,6324.0
50.125,40.17,10058.0
53.844,38.266,10668.0
49.4,40.452,10668.0
49.922,40.262,10668.0
51.735,39.273,10668.0
48.845,40.411,10668.0
46.581,39.887,10668.0
53.881,38.224,10668.0
53.529,38.516,10066.0
43.261,39.604,1264.0
44.639,38.772,9334.0
45.27,39.091,10668.0
55.602,37.083,5684.0
55.13,37.617,7833.0
48.497,40.399,10675.0
46.234,39.672,10675.0
51.802,37.02,9448.0
56.01,37.856,10972.0
56.141,17.993,10972.0
