1000
5034 560817
3646 46391
315 258928
2548 452538
4 292690
1461 653029
4718 477573
3057 391429
1714 226716
5500 240247
5148 540935
2981 312487
2501 133935
3264 578975
572 237939
1150 329584
2050 658817
4830 580778
159 23020
5146 370354
5373 283550
385 482989
2049 399766
892 27083
3863 76170
511 544709
4357 120971
4961 423568
5301 522136
3564 656887
3848 580090
2800 387815
2899 461486
5230 466247
850 337612
3060 651313
5126 253700
515 117157
5528 476396
2492 196903
3275 548966
3418 110922
2005 126456
2211 483793
165 156015
59 645024
3732 301888
686 48555
1840 331966
2924 302750
149 303055
4538 293450
960 202847
4579 412488
1817 124017
2550 628760
1010 495864
4203 41735
2258 38206
2094 502275
2303 104987
1060 503461
1292 381239
1045 298340
800 314798
5208 623692
920 408578
1785 545545
4753 396648
5482 68347
1657 52631
2848 454358
3600 419169
3495 206989
4101 73520
2855 110672
4356 380339
3549 246408
5119 130515
3802 80676
165 156031
3812 679337
3735 471773
1122 641864
3230 493656
1423 504163
1751 41367
1407 157552
472 128939
4516 296828
373 21981
3094 423703
1335 680341
4578 239008
1527 637766
925 81128
1509 30500
5188 238006
3140 116758
943 125550
5152 407101
5558 654879
4603 481432
1987 659178
5027 578790
76 554180
3883 386066
2577 492902
4754 205090
428 575333
637 293717
199 66666
4429 326663
423 201873
446 568387
1324 638896
3372 207529
3746 487858
917 56363
4380 121963
3650 664119
2607 349537
3752 76975
1714 221636
3340 299162
1338 51338
4036 243265
1918 125108
5181 303323
3950 66125
4244 146372
2988 549330
810 666531
3271 669032
686 54910
2113 246750
2404 479887
436 454790
4460 246483
3037 659998
1167 325461
1065 630707
4586 591695
3507 396406
4472 417739
4914 590490
2039 322288
3846 489124
5208 641672
4182 33513
5361 153565
4263 303259
3197 236768
1918 124645
4456 42061
1927 54118
2672 561737
2228 233294
1140 327429
4565 454000
97 87200
3170 456544
3674 632821
73 631946
1310 462020
5127 132364
1828 553025
3435 489414
417 305051
2710 591320
3085 400309
1182 658626
4845 62592
233 468481
3582 404632
2301 70291
2711 198372
4158 670591
1755 345244
950 639913
866 144207
4350 639347
2608 522953
821 423592
3442 156105
5260 661901
2391 113120
3456 663964
1172 374770
1802 315606
1631 77618
1472 564436
5203 66532
3831 293934
5087 657741
2912 210358
4900 115151
1557 551595
4215 240276
1167 326351
1617 629578
5499 150863
4452 320472
4502 13586
4232 626698
3137 667139
1489 231619
2144 501236
4158 670106
5230 466925
3918 140681
1230 572874
540 602297
2223 225559
5048 414892
3358 587111
3968 402429
1120 378406
387 568170
4054 157545
2946 503139
1044 293221
1865 283775
3624 227859
3029 25852
177 408608
873 231278
2684 44611
2598 151636
4602 472458
3837 398666
1553 577825
5074 333413
2328 639966
3753 496778
2401 594843
3697 218237
1700 165453
4520 468096
1064 371769
3928 113303
1790 591555
5003 64721
5110 157285
4456 52063
866 141709
1774 327844
3449 500549
1331 202383
3633 153424
1783 376387
1508 677946
3574 377633
94 496603
1292 381823
5193 414250
594 314677
3054 29705
949 601986
5465 233097
2353 553871
1424 222639
2258 45176
4836 570933
2954 239712
4313 473673
2318 494979
512 145791
4343 397891
2794 302131
3112 509103
1354 147304
1583 284673
836 487201
3820 301224
3574 381681
2478 421134
5576 222624
991 657930
2394 293484
1334 379887
3692 416702
120 382409
2043 667534
5054 561976
5485 545817
2431 199243
3153 206132
5038 163042
5222 112745
1672 679906
147 475894
3878 566041
791 464945
5492 126282
4699 61606
623 336548
3049 229221
1406 228647
3160 226921
5516 101716
2237 227437
2364 45628
3596 675905
1341 659570
1748 561952
1339 569012
4736 228802
4729 687559
4474 409015
1305 53323
88 662678
2275 373247
716 567019
26 155512
2350 644831
174 225760
3688 423838
516 549095
4894 549184
2035 51135
925 77557
954 407898
2152 67720
3503 640714
4446 19404
5296 624934
4646 335469
5283 570310
4406 71595
2799 67656
1384 369537
4770 381047
4192 548807
2502 388798
5187 233980
2376 656556
5263 559363
1140 328193
4492 379667
4266 476194
1556 374489
1617 631341
3780 159478
481 403797
415 135358
589 207517
3743 512619
239 223631
3192 293705
5411 34167
1635 668067
4396 93268
3131 150381
1841 676899
3092 472371
5268 375934
2182 314333
3019 388019
3938 168505
4060 390182
1605 554437
4349 213232
1703 217070
434 234178
411 383899
4822 673192
4157 70675
532 579430
3161 309038
3912 412869
3714 300121
3007 660110
1707 338616
2101 380269
2184 485318
3741 335264
5501 408633
5535 345233
298 372132
824 78544
4143 203592
94 493584
5199 244320
5368 295008
3080 479563
652 127698
5025 406392
4974 126814
3532 648463
1463 410971
2277 321973
4170 165507
1779 114437
649 225516
2020 586515
4845 59999
3905 222623
5029 132500
2267 505492
1765 26847
2327 669321
3024 155854
53 410896
1688 336819
754 206884
86 311468
3602 593017
5316 321969
1937 670890
5042 590611
810 667614
4242 50103
2174 116947
4044 239299
3305 120156
2577 491347
176 323001
1830 126119
4847 468684
4430 400440
1886 462054
747 669339
2517 453868
5100 662889
5405 392469
3795 159879
3055 463977
358 327253
3346 567311
1623 318159
5488 154653
791 466081
4608 561653
5010 630683
2073 542707
1629 247845
3684 649432
4453 414578
3836 78981
4461 76396
3569 137074
1229 54559
4416 558270
4238 580711
4637 204985
1183 147463
4948 215928
4739 116845
4242 48926
1267 372666
2572 664065
2844 110114
4328 466297
3780 161400
2908 374292
5321 52659
1827 378137
1112 202218
3332 683177
1397 634509
1420 209217
5572 215824
1968 239716
1030 473830
4953 506580
4937 282439
2324 411237
911 212451
703 207892
2444 126227
3301 409957
468 119857
428 572562
2964 43870
4588 497817
2127 25217
411 388543
4320 224602
1034 241740
5206 482466
672 324005
3729 664332
3824 650771
4078 507592
1180 401855
3712 121731
626 575777
4595 309434
1762 53414
4806 421088
2493 372157
5546 365025
573 322334
3904 36945
42 233082
4244 146068
5467 674669
2196 139300
3415 420275
1093 635073
2448 232879
5581 72881
4839 133640
1259 397388
150 36360
4319 587128
749 26741
1799 112652
4408 136733
184 566564
1388 468082
5170 429407
1983 584618
2410 378286
4088 68214
4160 637482
127 405486
1535 459357
4750 217965
2676 226242
3804 225174
3869 564602
2999 489857
1370 259204
3942 584857
4432 55175
775 121159
3169 369550
866 141730
4949 649568
600 380608
3254 591163
1682 421937
441 370502
3436 60381
242 471593
3027 297394
4835 463777
2476 144599
2487 283342
428 572901
796 480550
5073 556570
3674 632787
2079 42500
5055 67094
7 235420
24 334115
3295 381688
2999 487560
3624 224898
2685 482759
3675 139306
1432 66888
3651 383363
4067 519403
2551 128331
4652 551893
2751 63988
2631 314644
1838 409551
1258 590357
3034 140912
4634 311690
4264 388714
2153 667592
5259 314325
1681 650913
3157 127282
4715 414953
3735 471528
2851 332273
2506 284599
2636 482564
2643 390921
4043 152349
3021 307313
1920 295497
5283 572099
2461 208147
2841 24060
4165 631597
5410 210244
5063 562243
3664 636719
4359 677855
520 109989
656 468568
3146 230101
899 310189
4000 216817
2939 501084
4727 578290
2116 503741
4014 191712
2769 371592
5184 645341
4297 679903
1230 572767
4917 564660
1826 34614
3709 477779
1527 638906
5604 20858
822 510162
2463 36995
491 329638
855 316073
2254 494780
4239 669467
1681 656472
402 233685
5503 581717
5362 237814
2447 146162
2098 206298
4661 250395
4139 160132
5613 37876
520 110949
884 166198
302 488182
4149 160200
1120 379366
1435 151847
3129 559400
2615 558350
1928 571179
4940 589541
4727 576502
1595 23461
3993 62516
1541 114355
969 502827
2271 407630
480 315324
1686 306509
3669 568524
1245 651022
51 236486
5317 296531
2633 485089
1376 654784
4638 375857
2805 215331
274 652813
1863 198383
1882 672126
2 390993
4848 678980
2061 222374
622 387064
4098 214973
1395 241417
5139 57003
89 283986
2600 419549
3093 587670
2626 300688
4716 122721
1615 27122
1790 590212
4454 61250
5300 438366
4622 330306
5264 221385
484 240681
4993 46648
1221 211680
681 48527
4881 581419
3503 638174
5093 42367
3473 496414
502 55437
2528 373311
4047 310194
4698 405496
2872 425796
3350 326170
578 236964
2094 500017
4564 294283
5226 225517
697 654754
4132 578977
3611 594422
1688 336267
842 68021
665 501465
2991 563227
706 564037
1128 226880
3240 484715
2382 72235
5596 285847
665 504187
4297 681503
3217 62863
4254 424310
3978 330114
4992 395547
2456 651317
1547 162634
5521 115855
948 665051
3649 56094
1111 557945
1782 289223
3005 681982
5187 237444
4348 120920
4080 421471
812 242632
2143 397810
55 142128
3401 137241
724 631423
883 675537
788 293921
4105 395383
5191 409727
3098 46909
4837 556304
1966 151508
3106 550219
3014 680885
2015 145154
204 55171
5573 43302
3113 683705
894 373274
1196 391542
148 61926
4459 186497
248 209630
1395 244551
448 146728
5395 282837
1037 23184
1577 551143
5189 223952
5398 208352
4334 675569
1924 565039
1815 294920
2740 369636
5445 409619
1921 469285
2811 150498
112 565497
2960 668727
2227 325581
2578 585953
582 249625
1455 545897
4091 423206
5295 368379
4831 668991
1621 225845
4095 505421
2333 363805
4811 663025
4145 287198
841 464833
7 233182
4042 247400
1832 41234
2033 306934
3673 404892
12 226268
737 326666
5352 130352
3426 157902
17 42823
5024 321192
4874 48034
2555 146312
4699 60191
398 499422
5069 666492
1106 125814
1194 111371
3843 369273
3775 388331
2323 324934
3506 313727
2436 139839
2845 198770
4689 424705
3554 574332
3417 72603
2718 304977
2396 548877
5335 188593
4088 63772
5291 669639
1179 309121
1750 71425
5019 484371
5288 501088
4093 78027
1014 42329
4760 648123
5374 377184
4137 324170
4316 640589
2516 233161
3833 247271
258 395112
4452 319557
4440 143252
3704 452314
650 57488
3059 485562
2659 127175
1320 672653
2453 44490
4829 490491
2218 290663
2863 481405
2593 310161
3680 229517
4295 163937
1680 226583
2050 656434
4879 659932
2362 230290
3949 582152
1988 284294
2409 493810
2494 22327
2139 388623
3691 27389
2699 312146
2996 672160
3804 223992
4412 649726
3023 64716
3740 161556
3365 596755
2967 162029
3368 308947
5522 380512
3589 546199
4827 642983
1590 562053
1986 115955
1120 379948
4738 393156
4549 439632
1196 387850
2781 463808
733 326983
3907 43617
2703 382975
5315 149933
2186 655360
1252 578252
1889 122392
3064 548207
293 210230
5333 669491
2644 558010
3538 323005
415 132647
2616 643024
5415 633269
4339 372775
2604 672129
4004 66736
2832 194860
826 50215
2091 665362
4398 226042
4828 476830
39 453702
472 130148
2636 478004
4766 586181
2099 292771
2701 495878
599 31490
5316 323106
274 654977
3384 402455
3038 301491
3229 234817
124 198913
188 368533
376 465127
3244 414773
2698 633382
5256 607871
1601 128705
3732 301770
2992 648465
2633 479418
809 581840
3091 386719
3958 125052
4357 120839
4537 369696
2986 377521
1973 676461
4649 32771
4338 285262
4170 171203
3780 159181
4803 468503
2314 37739
2480 559479
1672 677225
840 115720
3608 645980
493 112326
1074 578472
919 321680
3014 685243
3035 226624
2414 410138
249 298848
3525 659048
2556 318959
2195 76196
5620 608670
2113 249748
2348 296507
2493 372452
5058 54855
5234 452843
5095 233064
4291 458589
3095 199859
464 106376
4482 144356
5371 117009
5115 414015
4937 282871
1961 22716
1479 148972
2062 506851
1694 541541
2055 323337
4435 329087
5276 128055
1010 496729
1534 571323
4220 162129
3942 583594
4501 198131
873 234181
4936 199393
1492 418810
15 417504
5537 608388
4414 136218
1621 225307
1224 636588
286 294877
3541 64210
2165 499378
4933 67497
4809 571055
137 647185
983 467811
413 565487
4699 60945
5131 298469
3781 249299
810 665592
4646 332255
877 62164
1619 34778
3873 306420
1288 686116
4976 334629
169 221166
1269 489028
1558 422423
220 141399
2965 479453
1521 584032
4569 128781
1019 240008
3333 140684
4495 152649
4249 66726
2456 652979
4279 652901
37 230169
2059 371650
2020 584710
3205 238860
4216 415655
3465 561281
5353 216093
5128 213485
1448 283394
