50
4281 494538
4738 390973
107 584893
3519 200528
3921 633781
4665 73775
917 56663
1375 484112
5086 472935
4082 284748
2858 542284
996 128001
1427 403175
4224 512490
5229 642560
4785 536172
3698 41764
3838 498804
4549 438262
2440 313469
1347 213557
3063 59881
5204 662501
3138 508350
2794 305749
2473 250539
1214 346736
1364 154385
3453 494000
1554 671029
3544 466603
1341 661931
5117 304656
5562 342565
436 451747
1874 581881
229 426688
1327 248318
1629 248281
4416 559941
5558 655326
1418 659419
1321 207872
1926 311249
3856 372083
2847 284764
3928 112436
121 406791
5524 130434
3385 489120
