500
4253 335426
5050 634710
2980 641684
1584 456101
3820 303405
2220 551983
5594 287697
494 452806
4271 293437
5148 541956
5393 36415
1100 284983
1840 330073
2013 476394
518 29648
4486 493478
1256 117528
3475 670602
3351 413658
2026 286819
2080 646550
3054 25972
1741 336348
1199 413917
2267 509276
3302 502109
5360 373220
5030 303724
874 321951
1643 645927
5291 668608
1457 385693
4267 560860
1827 378263
460 298809
1196 389417
2903 502334
1842 72253
4122 232125
1588 127114
5350 676659
624 566477
908 495962
1327 248486
1472 563630
1494 296362
3540 325877
51 235824
1028 75376
316 430362
5011 209573
3216 498545
2305 328397
757 465011
4642 286631
439 24455
5214 283731
4129 296842
1166 236896
4807 76851
4879 660795
4427 567814
405 66012
580 73744
1857 57275
3663 539866
2805 214973
510 625926
4733 246664
61 481687
5409 121484
1640 570328
2535 641318
254 417362
834 229973
127 407629
2784 29816
2965 475312
1176 32263
978 125752
2819 49603
3668 382390
3833 247631
3034 141266
2820 655047
2845 197133
4928 422873
4268 117083
2233 205938
373 24354
5564 514507
782 546664
4461 90227
3632 681923
2822 110688
990 53158
2316 140138
3476 650898
2813 498001
2300 503581
62 236411
2432 24855
40 566791
1065 630531
409 218215
4146 547508
601 466673
5214 278818
402 230464
5147 629243
4472 422257
3917 217348
3415 419724
1164 641993
5533 573494
1479 149984
4913 249335
898 221577
313 651355
2402 677612
4424 223424
5110 153314
4759 130742
1220 129917
2976 130676
1617 631649
5521 118778
4723 310118
1461 645945
4726 236178
2491 322025
5517 581814
5074 332093
3433 315664
4769 298252
64 325491
3819 405107
858 333468
2671 33131
908 498960
270 61538
4872 222235
467 366712
928 148416
333 294749
1332 287820
5428 155157
4658 567497
1894 51908
3715 42593
5528 473769
4684 577799
5555 289298
2981 314967
526 626742
2655 310229
3837 398611
1484 667715
4794 639612
4937 284177
3255 678330
5311 366677
1793 630957
2467 460272
2054 237248
4702 660223
32 166491
4367 156366
3121 454792
2928 560951
3253 504304
2577 494006
3784 48355
495 316195
3232 62068
211 536955
2949 25275
1365 419154
620 50632
2451 135616
2022 671158
4876 231281
1902 459215
998 148056
742 554040
5122 305388
1503 668907
3544 467107
3033 151675
2832 196538
4094 215201
3939 247995
4605 478155
767 23759
4556 478458
5408 453245
91 410990
271 663299
2178 462841
827 653860
4138 576504
4380 120866
2264 237029
4239 669442
4295 161349
5200 321483
2059 367386
1560 564983
2404 478216
2278 411011
4888 251940
3390 107578
1737 219556
4010 146050
2572 665737
4962 336690
3636 585215
4701 589745
1776 314736
2285 568300
170 305404
1003 593874
641 120733
1806 457572
3002 335214
3095 197903
422 113105
2523 234158
3999 134897
2831 136824
857 247184
2547 370556
3577 61749
2824 318187
2772 239104
312 476171
3645 226657
4444 627569
2279 497538
1727 77170
2824 320199
4759 136276
4581 299314
1058 217180
2926 44600
664 388026
4028 307880
5159 603939
5080 647886
1112 202875
2005 121640
1498 480606
1106 128244
3584 655345
643 297523
3373 293173
4633 221333
4128 216559
1687 152731
4747 205671
5121 79731
4900 113509
1644 244568
83 499280
5377 332211
717 656450
313 654057
5385 323599
2628 640512
3395 138414
99 396025
3648 142567
2936 241521
4926 386435
3364 508454
576 587313
1581 81627
713 559426
3133 322964
2502 389612
1358 493631
1483 64322
2330 308358
1099 286561
5194 24003
912 557757
1859 663725
100 46953
182 46931
955 411122
3592 223777
2232 285505
3985 127099
5620 608430
3541 63950
1840 331690
3677 564137
539 426840
5489 325872
1811 53801
5500 241672
3475 673716
3174 154912
4916 659779
4182 27668
4499 672779
5615 554208
505 238621
86 305214
4644 164171
1944 285080
3213 43541
2475 324400
4921 63397
2033 305610
4358 507440
2389 573870
3108 119690
5016 139839
3463 43537
1198 648861
2419 381306
2716 64496
5163 193897
4186 57584
3392 285880
2677 311717
4332 333772
438 197272
4458 660397
634 40726
3260 148116
4552 218580
4255 599925
3090 216565
2784 26729
1788 390284
3678 397446
5562 342551
2595 479309
3944 78578
2415 497509
3796 249972
1462 327053
4155 672839
2922 129514
2005 127564
437 107577
2327 668320
582 251444
1180 397093
2429 44884
1637 313598
2275 378356
3045 33210
250 558387
546 674920
4977 505713
3407 148831
802 488787
941 290806
897 136650
4405 580286
4377 218429
3691 28008
5309 187991
3529 255442
1873 658335
644 43524
1825 206656
3891 401895
2564 542351
2998 231630
4497 330575
3848 577214
1225 638093
5256 607343
3598 474282
3217 62078
4493 474376
562 371928
2729 321960
2462 294529
1984 237689
4566 138926
73 627478
4530 46208
5271 633515
3182 194967
3070 329311
3649 58842
2253 415626
2936 239618
2659 127611
491 327435
5612 533050
32 167020
1281 59737
104 40223
3371 118060
3939 250648
4891 505983
3105 464069
3240 485136
1903 543499
5222 112670
1019 236438
5205 682827
5147 629480
317 518669
3815 308814
619 669439
2630 219262
3076 120771
908 498259
1537 588281
368 231687
4183 547733
5155 258663
762 166757
2761 309215
954 405423
5497 563610
3679 156892
5485 538313
4479 365992
243 249862
3273 372311
1377 331476
3297 571888
3002 333677
3918 138009
2686 427007
711 479588
5359 27922
5444 239465
4553 297020
521 197263
4056 235569
4924 213067
2514 228972
2005 129703
3602 590893
114 409529
3736 563289
441 366866
4686 165005
5320 391749
2151 586151
3305 120839
2887 650779
2828 653198
3737 647753
2646 140483
4556 474455
220 138190
4309 557646
3707 90914
3684 651884
5266 113771
2447 142477
3505 141242
4353 117645
5022 661316
1161 214539
2640 392337
3215 324195
3973 106512
4929 506039
3556 391828
2149 412193
5542 682761
3099 650403
4678 486666
5089 414338
3664 628278
5282 141387
4767 215081
1226 233419
1518 115494
767 27154
3091 385946
3232 68664
2362 227480
4872 223081
5050 635485
1060 501144
2185 55497
1346 128299
3351 410453
2263 147222
3365 596175
3232 65286
254 419542
4233 151949
1826 32645
4139 157487
1174 127637
3488 411163
2129 545384
