EGBB LEMD
1500.0
500
4
13
37
41
62
63
67
70
72
74
85
117
120
148
152
168
172
174
182
191
192
238
251
258
264
265
277
278
279
281
282
307
317
326
344
375
402
449
450
453
454
472
484
492
494
501
522
524
559
562
567
582
585
586
610
612
615
625
632
638
642
658
687
698
709
710
715
723
727
730
736
750
756
759
764
768
775
776
786
799
818
870
877
884
888
906
920
921
927
929
934
942
945
987
1016
1041
1048
1071
1089
1090
1119
1156
1184
1189
1192
1197
1198
1206
1211
1212
1241
1255
1268
1275
1280
1281
1293
1302
1332
1346
1348
1351
1364
1383
1395
1398
1399
1406
1444
1445
1446
1455
1474
1481
1483
1498
1512
1524
1531
1533
1541
1544
1546
1547
1548
1565
1570
1583
1595
1605
1639
1640
1643
1673
1680
1681
1684
1685
1686
1700
1705
1707
1719
1722
1725
1738
1755
1779
1789
1804
1818
1834
1838
1839
1847
1854
1855
1866
1870
1891
1896
1911
1972
1974
1977
1984
1998
2005
2006
2017
2021
2048
2057
2068
2073
2077
2088
2101
2121
2128
2130
2156
2158
2178
2179
2189
2215
2229
2230
2236
2245
2255
2256
2258
2265
2270
2289
2293
2298
2301
2312
2313
2317
2320
2325
2360
2367
2375
2380
2383
2391
2396
2419
2436
2445
2468
2479
2485
2513
2517
2520
2524
2568
2582
2600
2616
2633
2645
2657
2668
2674
2692
2700
2745
2746
2747
2757
2759
2806
2814
2818
2836
2857
2858
2860
2876
2882
2895
2899
2912
2923
2930
2934
2940
2951
2953
2963
2965
2980
2981
2990
2997
3001
3015
3020
3036
3040
3043
3046
3048
3063
3078
3085
3094
3110
3124
3126
3129
3143
3160
3162
3170
3189
3202
3207
3220
3237
3241
3246
3247
3250
3254
3268
3288
3291
3302
3312
3313
3321
3322
3332
3337
3354
3367
3387
3391
3403
3420
3454
3479
3489
3515
3516
3531
3563
3577
3583
3610
3613
3618
3658
3674
3683
3697
3733
3746
3753
3754
3757
3769
3790
3817
3828
3842
3852
3864
3873
3876
3892
3905
3916
3922
3943
3945
3947
3970
3986
3988
3994
4034
4038
4048
4051
4064
4104
4106
4111
4112
4126
4128
4154
4157
4159
4173
4210
4217
4232
4239
4248
4253
4273
4275
4278
4291
4345
4348
4352
4378
4380
4397
4401
4425
4436
4445
4454
4461
4466
4467
4479
4495
4506
4508
4525
4530
4538
4540
4549
4569
4574
4584
4587
4592
4605
4658
4676
4702
4708
4731
4732
4747
4758
4773
4779
4787
4829
4855
4856
4864
4913
4927
4934
4938
5022
5028
5052
5069
5097
5105
5108
5155
5168
5172
5173
5197
5199
5225
5229
5230
5241
5249
5250
5285
5293
5295
5296
5298
5302
5305
5306
5328
5336
5347
5350
5356
5365
5376
5389
5401
5413
5425
5428
5430
5452
5454
5463
5480
5491
5499
5515
5524
5525
5528
5530
5538
5554
5572
5588
5596
5598
5603
