LHBP LPPT
1200.0
250
7
25
27
31
98
107
124
138
142
146
149
187
230
375
376
402
405
414
487
488
513
514
555
568
584
628
643
682
701
706
710
720
724
728
744
764
775
788
796
800
814
840
844
887
920
928
932
937
942
944
957
958
1011
1014
1018
1024
1059
1063
1085
1087
1092
1110
1131
1160
1161
1332
1390
1412
1510
1522
1524
1538
1563
1566
1567
1570
1578
1609
1625
1634
1666
1685
1698
1729
1754
1835
1836
1851
1867
1872
1895
1915
1963
1970
1991
2002
2050
2057
2063
2115
2121
2123
2126
2172
2184
2186
2205
2241
2305
2310
2313
2356
2362
2373
2375
2396
2424
2444
2451
2500
2510
2531
2532
2566
2590
2644
2719
2755
2792
2795
2840
2850
2875
2882
2884
2924
2930
2933
3039
3053
3072
3099
3139
3201
3206
3236
3259
3263
3290
3298
3317
3330
3346
3376
3427
3471
3496
3497
3516
3520
3546
3558
3604
3640
3651
3688
3714
3743
3746
3760
3768
3775
3791
3798
3827
3829
3866
3906
3907
3945
3969
3992
3997
4019
4020
4043
4044
4052
4066
4156
4224
4331
4332
4354
4417
4429
4504
4618
4621
4626
4635
4637
4673
4687
4690
4692
4700
4720
4723
4728
4786
4829
4855
4862
4888
4904
4921
4933
5000
5011
5038
5069
5078
5081
5086
5099
5114
5140
5147
5179
5185
5204
5212
5216
5222
5228
5289
5336
5362
5380
5389
5427
5429
5488
5511
5536
5543
5583
5603
5614
