UUEE EGKK
1400.0
200
30
57
77
111
154
179
203
223
261
285
310
323
336
342
359
393
395
397
398
399
428
439
476
483
549
666
704
719
744
771
880
1030
1039
1058
1066
1118
1224
1262
1291
1293
1302
1324
1341
1351
1359
1375
1429
1442
1456
1468
1560
1574
1575
1581
1590
1602
1604
1632
1657
1674
1709
1717
1758
1780
1787
1820
1857
1890
1924
2030
2084
2102
2123
2129
2139
2177
2183
2216
2222
2233
2247
2248
2308
2387
2410
2416
2449
2471
2540
2553
2554
2555
2562
2586
2612
2620
2622
2630
2695
2752
2848
2862
2886
2899
2922
2935
2954
2970
3067
3076
3078
3157
3169
3174
3193
3201
3294
3327
3341
3433
3454
3465
3489
3650
3684
3693
3727
3748
3759
3765
3787
3793
3806
3820
3850
3878
3946
3957
3975
3992
3996
4014
4040
4092
4109
4189
4206
4218
4219
4265
4305
4351
4364
4382
4389
4392
4425
4441
4442
4446
4493
4500
4567
4633
4651
4661
4722
4733
4738
4778
4807
4834
4859
4882
4902
4977
4998
5005
5054
5090
5098
5102
5114
5133
5139
5169
5198
5205
5283
5320
5364
5365
5383
5414
5437
5457
5508
5517
5518
5612
