LEVC LEBL
1414.0
750
5
6
14
24
65
82
85
97
106
109
110
116
118
140
142
156
162
165
187
188
194
198
222
230
233
237
239
246
255
268
281
284
291
293
306
312
316
321
326
335
339
346
354
365
367
371
372
374
376
384
396
399
414
423
424
427
429
449
460
464
469
479
484
485
492
498
500
510
512
534
543
550
554
562
574
584
591
592
595
597
608
612
622
625
631
644
649
652
656
658
668
688
690
691
701
705
706
707
714
717
732
739
749
762
764
765
769
789
796
802
820
825
829
832
836
841
852
853
860
863
869
876
878
888
891
892
897
905
912
913
914
924
934
946
957
961
965
970
977
985
989
991
999
1002
1005
1018
1022
1038
1043
1088
1098
1110
1111
1118
1126
1164
1165
1189
1194
1195
1202
1207
1229
1230
1238
1245
1251
1253
1254
1262
1269
1272
1291
1301
1319
1321
1322
1325
1331
1348
1353
1358
1359
1361
1368
1398
1407
1418
1420
1422
1424
1432
1434
1444
1452
1465
1471
1482
1491
1512
1514
1543
1548
1550
1553
1567
1572
1582
1588
1590
1593
1596
1611
1612
1615
1622
1640
1646
1662
1673
1676
1677
1684
1686
1691
1702
1703
1708
1723
1746
1748
1749
1752
1768
1775
1776
1779
1789
1800
1820
1829
1842
1849
1856
1864
1876
1909
1910
1927
1928
1930
1931
1939
1940
1942
1947
1950
1962
1970
1984
1988
1989
2002
2023
2026
2029
2040
2043
2059
2061
2074
2075
2094
2098
2106
2137
2163
2177
2179
2188
2196
2199
2200
2209
2210
2212
2217
2230
2247
2248
2259
2263
2277
2290
2310
2313
2326
2335
2344
2348
2353
2360
2365
2366
2370
2385
2392
2400
2402
2423
2429
2431
2441
2455
2456
2457
2461
2474
2484
2485
2489
2496
2503
2504
2517
2519
2523
2525
2529
2542
2543
2547
2566
2618
2628
2633
2634
2639
2641
2646
2650
2659
2661
2672
2675
2686
2687
2690
2700
2701
2702
2706
2709
2711
2713
2725
2733
2738
2739
2748
2750
2762
2764
2767
2770
2780
2790
2792
2808
2811
2812
2817
2820
2821
2841
2842
2843
2865
2867
2871
2882
2887
2890
2900
2906
2943
2955
2969
2973
2977
2982
2985
2986
2989
2992
3003
3005
3011
3015
3017
3032
3043
3046
3068
3069
3073
3078
3079
3092
3093
3097
3107
3126
3127
3135
3140
3147
3155
3172
3173
3178
3183
3192
3203
3209
3213
3218
3220
3224
3225
3228
3229
3243
3244
3259
3260
3268
3269
3272
3273
3299
3305
3314
3323
3344
3354
3375
3377
3395
3396
3398
3399
3403
3405
3406
3408
3411
3412
3421
3422
3426
3439
3440
3441
3452
3462
3470
3475
3481
3482
3484
3489
3497
3515
3525
3531
3533
3534
3540
3544
3578
3598
3609
3610
3621
3627
3629
3632
3647
3667
3680
3681
3686
3732
3736
3741
3747
3749
3762
3774
3778
3781
3792
3793
3806
3807
3808
3809
3819
3821
3828
3838
3842
3853
3855
3880
3882
3887
3892
3896
3899
3909
3916
3918
3928
3931
3935
3946
3961
3964
3976
3998
4019
4021
4023
4025
4032
4034
4036
4046
4064
4068
4069
4070
4076
4083
4089
4095
4106
4112
4115
4124
4128
4135
4145
4148
4164
4172
4181
4183
4184
4185
4191
4198
4201
4209
4210
4225
4226
4235
4268
4269
4272
4276
4284
4288
4299
4307
4335
4341
4343
4358
4371
4372
4374
4379
4380
4381
4388
4416
4419
4425
4434
4462
4465
4467
4468
4469
4489
4503
4517
4521
4534
4558
4559
4564
4570
4575
4588
4590
4601
4603
4605
4611
4615
4624
4625
4626
4638
4649
4652
4657
4660
4663
4669
4691
4697
4699
4702
4714
4727
4733
4735
4736
4746
4751
4756
4761
4764
4765
4773
4775
4790
4791
4797
4805
4814
4839
4848
4851
4858
4860
4861
4865
4866
4867
4885
4909
4914
4915
4917
4943
4944
4947
4950
4962
4966
4983
4996
4997
5010
5013
5016
5027
5053
5073
5075
5096
5110
5111
5115
5134
5144
5180
5181
5184
5191
5196
5202
5209
5210
5219
5222
5240
5241
5250
5251
5252
5265
5270
5284
5290
5291
5295
5301
5307
5308
5309
5311
5316
5328
5333
5341
5358
5365
5366
5368
5386
5399
5400
5402
5406
5417
5423
5426
5427
5456
5458
5464
5469
5489
5492
5500
5515
5525
5544
5546
5565
5568
5573
5577
5578
5579
5587
5593
5600
5602
5605
5608
5619
