1266
287418,60.322,24.96,0.0
287428,60.319,24.953,60.0
287444,60.311,24.936,205.0
287459,60.305,24.923,457.0
287469,60.303,24.91,624.0
287485,60.306,24.888,853.0
287495,60.308,24.875,960.0
287505,60.311,24.861,1051.0
287515,60.314,24.847,1127.0
287525,60.316,24.832,1150.0
287535,60.317,24.815,1196.0
287545,60.315,24.799,1318.0
287555,60.314,24.784,1409.0
287565,60.311,24.765,1493.0
287575,60.309,24.747,1569.0
287585,60.306,24.727,1661.0
287596,60.301,24.703,1821.0
287604,60.298,24.688,1935.0
287614,60.293,24.67,2072.0
287626,60.287,24.647,2247.0
287636,60.282,24.628,2392.0
287647,60.277,24.609,2545.0
287657,60.272,24.589,2682.0
287667,60.267,24.57,2804.0
287676,60.262,24.549,2971.0
287687,60.257,24.529,3108.0
287697,60.252,24.51,3223.0
287707,60.247,24.488,3307.0
287717,60.241,24.466,3360.0
287727,60.235,24.442,3375.0
287737,60.229,24.418,3383.0
287747,60.222,24.393,3406.0
287757,60.215,24.366,3505.0
287767,60.209,24.34,3589.0
287777,60.202,24.313,3642.0
287787,60.194,24.285,3718.0
287797,60.187,24.258,3840.0
287807,60.18,24.231,3970.0
287823,60.169,24.188,4152.0
287832,60.162,24.159,4282.0
287842,60.154,24.131,4396.0
287854,60.146,24.098,4533.0
287868,60.135,24.059,4686.0
287884,60.124,24.013,4846.0
287899,60.113,23.975,4975.0
287909,60.106,23.945,5059.0
287919,60.098,23.917,5151.0
287929,60.091,23.888,5250.0
287939,60.083,23.859,5318.0
287949,60.076,23.831,5387.0
287959,60.068,23.801,5471.0
287969,60.06,23.771,5547.0
287979,60.052,23.741,5608.0
287989,60.044,23.712,5692.0
287999,60.036,23.68,5791.0
288009,60.028,23.65,5882.0
288020,60.018,23.615,5981.0
288030,60.011,23.586,6065.0
288041,60.002,23.554,6149.0
288050,59.994,23.523,6217.0
288060,59.985,23.491,6286.0
288070,59.977,23.461,6347.0
288081,59.969,23.429,6408.0
288090,59.96,23.398,6499.0
288100,59.952,23.367,6576.0
288111,59.944,23.336,6637.0
288121,59.936,23.307,6697.0
288129,59.929,23.28,6766.0
288146,59.912,23.22,6896.0
288157,59.904,23.189,6964.0
288173,59.89,23.136,7063.0
288180,59.883,23.113,7109.0
288191,59.874,23.081,7178.0
288203,59.863,23.04,7277.0
288213,59.854,23.007,7353.0
288222,59.847,22.978,7421.0
288233,59.837,22.942,7475.0
288243,59.829,22.913,7513.0
288252,59.819,22.879,7581.0
288263,59.809,22.843,7642.0
288279,59.795,22.791,7795.0
288294,59.782,22.743,7924.0
288309,59.768,22.694,7962.0
288320,59.759,22.66,8039.0
288333,59.746,22.615,8145.0
288344,59.737,22.584,8199.0
288354,59.727,22.546,8260.0
288365,59.717,22.511,8313.0
288375,59.709,22.482,8366.0
288384,59.699,22.448,8427.0
288394,59.69,22.415,8496.0
288410,59.677,22.368,8618.0
288420,59.667,22.334,8709.0
288430,59.657,22.299,8808.0
288441,59.648,22.266,8900.0
288449,59.64,22.239,8968.0
288461,59.63,22.201,9044.0
288470,59.622,22.172,9105.0
288480,59.613,22.142,9166.0
288490,59.604,22.109,9243.0
288502,59.594,22.074,9311.0
288509,59.587,22.053,9349.0
288521,59.577,22.015,9425.0
288532,59.567,21.98,9479.0
288540,59.559,21.954,9525.0
288551,59.549,21.918,9578.0
288561,59.54,21.886,9631.0
288572,59.53,21.85,9692.0
288582,59.52,21.818,9738.0
288592,59.512,21.79,9791.0
288602,59.503,21.759,9845.0
288610,59.496,21.734,9898.0
288622,59.485,21.696,9982.0
288632,59.476,21.664,10058.0
288643,59.465,21.627,10142.0
288653,59.457,21.598,10195.0
288662,59.448,21.568,10233.0
288672,59.439,21.537,10256.0
288683,59.43,21.506,10279.0
288693,59.42,21.471,10309.0
288703,59.412,21.445,10355.0
288714,59.402,21.41,10401.0
288724,59.393,21.381,10431.0
288739,59.378,21.329,10530.0
288753,59.365,21.284,10645.0
288769,59.351,21.238,10706.0
288784,59.338,21.192,10759.0
288799,59.324,21.145,10812.0
288810,59.313,21.11,10873.0
288823,59.302,21.071,10942.0
288835,59.291,21.035,10972.0
288844,59.282,21.006,10972.0
288854,59.272,20.972,10972.0
288869,59.258,20.926,10980.0
288880,59.248,20.891,10980.0
288890,59.24,20.863,10972.0
288905,59.225,20.813,10972.0
288916,59.215,20.783,10980.0
288925,59.207,20.754,10980.0
288941,59.191,20.704,10972.0
288950,59.182,20.677,10972.0
288960,59.169,20.649,10972.0
288971,59.154,20.619,10980.0
288980,59.142,20.596,10980.0
288989,59.13,20.572,10980.0
289001,59.113,20.541,10972.0
289012,59.1,20.514,10972.0
289021,59.087,20.488,10972.0
289032,59.074,20.461,10972.0
289042,59.061,20.434,10972.0
289051,59.05,20.41,10972.0
289061,59.038,20.382,10972.0
289072,59.024,20.352,10972.0
289081,59.012,20.326,10972.0
289092,58.997,20.294,10980.0
289102,58.986,20.27,10972.0
289112,58.972,20.239,10980.0
289123,58.959,20.211,10972.0
289131,58.949,20.189,10972.0
289142,58.935,20.159,10972.0
289152,58.922,20.132,10972.0
289162,58.91,20.107,10980.0
289170,58.899,20.082,10972.0
289183,58.882,20.046,10972.0
289193,58.869,20.018,10972.0
289202,58.858,19.996,10972.0
289213,58.844,19.965,10972.0
289222,58.833,19.942,10972.0
289234,58.818,19.909,10980.0
289247,58.801,19.874,10972.0
289257,58.789,19.85,10972.0
289267,58.775,19.82,10972.0
289279,58.761,19.79,10972.0
289289,58.747,19.761,10972.0
289305,58.727,19.718,10972.0
289315,58.714,19.691,10972.0
289324,58.702,19.666,10972.0
289335,58.69,19.64,10972.0
289350,58.67,19.599,10972.0
289364,58.651,19.56,10972.0
289375,58.639,19.533,10972.0
289385,58.626,19.506,10972.0
289395,58.613,19.48,10972.0
289411,58.591,19.435,10972.0
289425,58.575,19.401,10972.0
289436,58.56,19.371,10972.0
289449,58.544,19.337,10972.0
289461,58.529,19.306,10972.0
289470,58.517,19.282,10972.0
289485,58.498,19.242,10972.0
289499,58.481,19.206,10972.0
289511,58.466,19.177,10972.0
289526,58.446,19.136,10972.0
289536,58.433,19.108,10972.0
289547,58.419,19.08,10972.0
289556,58.408,19.058,10972.0
289567,58.393,19.028,10972.0
289577,58.381,19.003,10972.0
289585,58.371,18.983,10972.0
289597,58.355,18.951,10972.0
289606,58.344,18.927,10972.0
289617,58.33,18.899,10972.0
289627,58.318,18.874,10972.0
289637,58.305,18.85,10972.0
289645,58.296,18.83,10972.0
289658,58.279,18.797,10972.0
289668,58.265,18.768,10972.0
289678,58.253,18.743,10972.0
289689,58.24,18.717,10972.0
289701,58.223,18.684,10972.0
289714,58.207,18.653,10972.0
289726,58.191,18.62,10972.0
289740,58.179,18.596,10972.0
289751,58.173,18.584,10972.0
289763,58.155,18.547,10972.0
289773,58.15,18.538,10972.0
289782,58.14,18.517,10972.0
289795,58.125,18.487,10972.0
289808,58.105,18.448,10972.0
289818,58.082,18.403,10972.0
289835,58.068,18.375,10972.0
289845,58.051,18.341,10972.0
289865,58.016,18.272,10972.0
289879,57.997,18.235,10980.0
289899,57.97,18.183,10972.0
289911,57.955,18.153,10972.0
289921,57.942,18.128,10972.0
289930,57.932,18.107,10972.0
289940,57.92,18.083,10972.0
289956,57.899,18.042,10972.0
289965,57.886,18.018,10972.0
289976,57.873,17.993,10972.0
289986,57.861,17.969,10972.0
289996,57.849,17.946,10972.0
290006,57.835,17.918,10972.0
290016,57.822,17.893,10972.0
290026,57.81,17.87,10972.0
290036,57.797,17.846,10972.0
290044,57.787,17.826,10972.0
290056,57.771,17.796,10972.0
290065,57.76,17.773,10972.0
290077,57.743,17.742,10972.0
290087,57.731,17.718,10972.0
290098,57.72,17.697,10972.0
290107,57.705,17.668,10972.0
290118,57.692,17.644,10972.0
290127,57.679,17.618,10972.0
290138,57.667,17.595,10972.0
290147,57.653,17.569,10972.0
290158,57.641,17.546,10980.0
290167,57.628,17.521,10972.0
290184,57.608,17.482,10972.0
290194,57.597,17.461,10972.0
290208,57.578,17.427,10972.0
290219,57.566,17.403,10980.0
290234,57.543,17.36,10972.0
290254,57.519,17.311,10972.0
290270,57.501,17.271,10980.0
290284,57.486,17.239,10972.0
290299,57.468,17.197,10972.0
290309,57.453,17.165,10972.0
290320,57.443,17.142,10972.0
290330,57.43,17.112,10972.0
290339,57.418,17.086,10972.0
290350,57.407,17.061,10972.0
290360,57.395,17.034,10972.0
290376,57.376,16.993,10972.0
290390,57.36,16.958,10972.0
290399,57.349,16.932,10972.0
290410,57.337,16.905,10972.0
290420,57.326,16.882,10972.0
290430,57.314,16.855,10972.0
290440,57.301,16.828,10972.0
290450,57.29,16.802,10972.0
290466,57.271,16.761,10972.0
290481,57.253,16.722,10972.0
290497,57.233,16.678,10972.0
290505,57.225,16.659,10972.0
290515,57.214,16.635,10972.0
290527,57.202,16.61,10972.0
290538,57.187,16.577,10972.0
290552,57.171,16.542,10972.0
290564,57.157,16.511,10972.0
290577,57.141,16.478,10972.0
290584,57.132,16.457,10972.0
290602,57.111,16.412,10972.0
290612,57.1,16.387,10972.0
290624,57.086,16.357,10972.0
290638,57.07,16.323,10972.0
290652,57.052,16.285,10972.0
290664,57.038,16.255,10972.0
290684,57.016,16.206,10972.0
290704,56.992,16.155,10972.0
290724,56.968,16.104,10972.0
290739,56.952,16.069,10972.0
290750,56.937,16.038,10972.0
290759,56.928,16.018,10972.0
290775,56.909,15.979,10972.0
290785,56.897,15.953,10972.0
290794,56.887,15.931,10980.0
290806,56.871,15.898,10972.0
290820,56.856,15.865,10972.0
290830,56.843,15.839,10972.0
290840,56.832,15.815,10972.0
290850,56.819,15.788,10972.0
290860,56.808,15.764,10972.0
290870,56.796,15.74,10972.0
290880,56.784,15.715,10972.0
290890,56.773,15.69,10972.0
290901,56.761,15.666,10972.0
290912,56.746,15.634,10980.0
290922,56.735,15.611,10972.0
290932,56.724,15.587,10972.0
290942,56.711,15.56,10980.0
290952,56.699,15.536,10972.0
290966,56.682,15.501,10972.0
290974,56.672,15.48,10972.0
290984,56.661,15.456,10972.0
290997,56.646,15.426,10972.0
291006,56.634,15.402,10972.0
291016,56.622,15.377,10972.0
291026,56.612,15.354,10972.0
291035,56.601,15.333,10972.0
291048,56.585,15.298,10972.0
291057,56.575,15.278,10972.0
291067,56.563,15.254,10972.0
291077,56.551,15.23,10972.0
291086,56.539,15.205,10972.0
291095,56.529,15.184,10972.0
291107,56.517,15.16,10980.0
291122,56.497,15.115,10972.0
291132,56.486,15.088,10942.0
291148,56.471,15.046,10637.0
291164,56.456,15.0,10408.0
291179,56.445,14.965,10241.0
291195,56.429,14.915,10005.0
291210,56.417,14.877,9837.0
291219,56.409,14.85,9715.0
291230,56.399,14.818,9578.0
291244,56.387,14.782,9410.0
291260,56.373,14.74,9220.0
291281,56.357,14.689,8991.0
291289,56.35,14.668,8900.0
291301,56.341,14.638,8770.0
291311,56.333,14.615,8663.0
291321,56.325,14.59,8549.0
291336,56.312,14.55,8374.0
291345,56.307,14.532,8290.0
291355,56.299,14.508,8183.0
291364,56.293,14.489,8100.0
291375,56.284,14.46,7970.0
291386,56.275,14.434,7848.0
291394,56.269,14.415,7764.0
291406,56.259,14.384,7627.0
291415,56.253,14.366,7551.0
291424,56.245,14.343,7444.0
291447,56.23,14.295,7231.0
291457,56.221,14.267,7101.0
291466,56.213,14.244,7002.0
291476,56.206,14.22,6888.0
291486,56.198,14.197,6789.0
291495,56.192,14.179,6705.0
291506,56.185,14.156,6606.0
291517,56.176,14.128,6477.0
291526,56.168,14.105,6370.0
291539,56.16,14.079,6256.0
291557,56.146,14.039,6073.0
291569,56.138,14.012,5951.0
291581,56.129,13.986,5829.0
291596,56.117,13.951,5676.0
291609,56.109,13.925,5554.0
291625,56.097,13.89,5402.0
291640,56.086,13.856,5250.0
291652,56.078,13.831,5128.0
291664,56.069,13.805,5013.0
291680,56.059,13.773,4869.0
291695,56.049,13.744,4732.0
291710,56.038,13.711,4625.0
291719,56.033,13.695,4572.0
291734,56.023,13.665,4427.0
291751,56.012,13.634,4290.0
291759,56.007,13.619,4221.0
291770,56.0,13.597,4114.0
291779,55.995,13.581,4046.0
291791,55.987,13.558,3939.0
291800,55.981,13.54,3855.0
291809,55.976,13.525,3787.0
291821,55.968,13.502,3680.0
291836,55.958,13.473,3558.0
291845,55.953,13.458,3497.0
291857,55.946,13.437,3390.0
291865,55.941,13.422,3322.0
291877,55.934,13.4,3215.0
291885,55.929,13.386,3139.0
291897,55.922,13.364,3025.0
291904,55.917,13.35,2956.0
291916,55.91,13.329,2842.0
291924,55.905,13.314,2773.0
291936,55.897,13.292,2659.0
291948,55.89,13.27,2552.0
291956,55.885,13.256,2476.0
291968,55.878,13.235,2369.0
291977,55.873,13.22,2293.0
291988,55.866,13.2,2186.0
291996,55.861,13.185,2110.0
292009,55.854,13.164,2004.0
292022,55.846,13.142,1889.0
292038,55.837,13.114,1744.0
292049,55.829,13.092,1638.0
292061,55.822,13.072,1539.0
292077,55.812,13.043,1463.0
292089,55.806,13.025,1432.0
292099,55.8,13.008,1394.0
292117,55.79,12.979,1333.0
292129,55.784,12.96,1295.0
292140,55.778,12.944,1257.0
292154,55.77,12.921,1196.0
292170,55.763,12.899,1143.0
292187,55.755,12.877,1089.0
292202,55.747,12.859,1036.0
292212,55.739,12.847,990.0
292229,55.729,12.831,952.0
292243,55.721,12.817,876.0
292259,55.712,12.802,807.0
292277,55.702,12.786,701.0
292288,55.695,12.776,640.0
292304,55.687,12.764,579.0
292320,55.68,12.753,533.0
292338,55.672,12.74,464.0
292359,55.665,12.729,403.0
292377,55.658,12.718,350.0
292394,55.651,12.707,289.0
292415,55.644,12.696,236.0
292433,55.637,12.685,175.0
292448,55.63,12.675,121.0
292470,55.621,12.661,60.0
292508,55.616,12.65,0.0
292638,55.624,12.657,0.0
407852,57.209,-2.206,0.0
407994,57.21,-2.204,365.0
408015,57.21,-2.203,365.0
408035,57.209,-2.203,365.0
408048,57.203,-2.198,365.0
408058,57.2,-2.196,365.0
408075,57.188,-2.187,533.0
408085,57.184,-2.184,678.0
408101,57.175,-2.178,929.0
408109,57.171,-2.176,998.0
408122,57.165,-2.174,1082.0
408136,57.139,-2.166,1264.0
408150,57.129,-2.163,1341.0
408163,57.121,-2.16,1424.0
408175,57.103,-2.154,1668.0
408191,57.095,-2.151,1790.0
408206,57.081,-2.147,1965.0
408218,57.053,-2.138,2430.0
408228,57.043,-2.134,2590.0
408249,57.018,-2.126,2941.0
408267,57.004,-2.12,3131.0
408276,56.981,-2.113,3459.0
408293,56.958,-2.105,3825.0
408304,56.951,-2.103,3939.0
408320,56.935,-2.097,4168.0
408334,56.916,-2.091,4396.0
408349,56.901,-2.086,4556.0
408359,56.884,-2.08,4770.0
408374,56.848,-2.068,5189.0
408390,56.829,-2.062,5410.0
408400,56.817,-2.058,5547.0
408413,56.8,-2.052,5730.0
408424,56.788,-2.048,5867.0
408440,56.759,-2.037,6195.0
408456,56.742,-2.031,6355.0
408465,56.73,-2.026,6477.0
408482,56.715,-2.02,6621.0
408491,56.676,-2.005,7010.0
408503,56.664,-2.0,7132.0
408522,56.639,-1.991,7414.0
408535,56.622,-1.985,7597.0
408553,56.6,-1.976,7810.0
408581,56.583,-1.97,7863.0
408600,56.515,-1.945,8267.0
408624,56.477,-1.93,8488.0
408641,56.443,-1.917,8656.0
408665,56.403,-1.902,8831.0
408683,56.367,-1.889,8991.0
408696,56.347,-1.881,9067.0
408709,56.317,-1.87,9182.0
408725,56.292,-1.86,9281.0
408737,56.272,-1.853,9357.0
408746,56.253,-1.846,9425.0
408756,56.234,-1.839,9494.0
408775,56.207,-1.829,9624.0
408787,56.193,-1.824,9685.0
408801,56.166,-1.814,9784.0
408813,56.124,-1.798,9906.0
408825,56.1,-1.79,9966.0
408843,56.075,-1.78,10050.0
408857,56.037,-1.766,10165.0
408869,56.019,-1.76,10233.0
408882,55.999,-1.752,10325.0
408895,55.975,-1.743,10431.0
408911,55.915,-1.721,10645.0
408922,55.898,-1.715,10706.0
408936,55.878,-1.708,10774.0
408943,55.865,-1.703,10828.0
408958,55.836,-1.692,10911.0
408969,55.819,-1.686,10957.0
408991,55.748,-1.661,11224.0
409002,55.732,-1.655,11277.0
409012,55.711,-1.647,11353.0
409023,55.697,-1.642,11399.0
409034,55.669,-1.632,11475.0
409045,55.656,-1.627,11506.0
409058,55.623,-1.615,11605.0
409068,55.586,-1.602,11719.0
409081,55.569,-1.596,11757.0
409096,55.54,-1.585,11818.0
409113,55.519,-1.578,11864.0
409125,55.465,-1.559,11971.0
409139,55.447,-1.553,12001.0
409150,55.43,-1.546,12031.0
409161,55.413,-1.541,12070.0
409176,55.376,-1.527,12138.0
409193,55.357,-1.52,12176.0
409210,55.298,-1.5,12306.0
409227,55.267,-1.489,12367.0
409244,55.224,-1.473,12443.0
409257,55.207,-1.467,12466.0
409271,55.16,-1.451,12496.0
409285,55.138,-1.443,12496.0
409301,55.108,-1.432,12496.0
409312,55.074,-1.42,12496.0
409324,55.061,-1.416,12496.0
409335,55.039,-1.408,12496.0
409352,55.004,-1.396,12496.0
409365,54.961,-1.381,12496.0
409378,54.933,-1.371,12496.0
409391,54.914,-1.365,12496.0
409407,54.884,-1.354,12496.0
409415,54.871,-1.35,12496.0
409429,54.839,-1.339,12496.0
409443,54.798,-1.325,12496.0
409456,54.768,-1.314,12496.0
409466,54.755,-1.31,12496.0
409479,54.734,-1.302,12496.0
409493,54.71,-1.294,12496.0
409501,54.692,-1.288,12496.0
409513,54.637,-1.269,12496.0
409527,54.622,-1.264,12496.0
409537,54.606,-1.259,12496.0
409549,54.578,-1.249,12496.0
409563,54.563,-1.244,12496.0
409573,54.507,-1.226,12496.0
409587,54.495,-1.221,12496.0
409604,54.463,-1.21,12496.0
409618,54.437,-1.202,12496.0
409628,54.421,-1.196,12496.0
409641,54.388,-1.185,12496.0
409649,54.351,-1.172,12496.0
409666,54.324,-1.159,12496.0
409681,54.298,-1.14,12496.0
409696,54.263,-1.107,12496.0
409711,54.246,-1.087,12496.0
409726,54.224,-1.059,12496.0
409739,54.19,-1.02,12496.0
409756,54.154,-0.977,12496.0
409777,54.13,-0.949,12496.0
409785,54.118,-0.934,12496.0
409795,54.101,-0.914,12496.0
409815,54.047,-0.852,12496.0
409828,54.033,-0.834,12496.0
409834,54.012,-0.811,12496.0
409849,53.996,-0.791,12496.0
409860,53.979,-0.772,12496.0
409871,53.957,-0.746,12496.0
409882,53.942,-0.727,12496.0
409893,53.927,-0.71,12496.0
409900,53.882,-0.658,12496.0
409911,53.87,-0.643,12496.0
409921,53.859,-0.63,12496.0
409930,53.844,-0.613,12496.0
409941,53.829,-0.596,12496.0
409955,53.801,-0.561,12496.0
409974,53.759,-0.515,12496.0
409990,53.731,-0.481,12496.0
410004,53.712,-0.46,12496.0
410014,53.694,-0.439,12496.0
410033,53.669,-0.411,12496.0
410046,53.625,-0.36,12496.0
410056,53.607,-0.338,12496.0
410071,53.586,-0.309,12496.0
410082,53.57,-0.28,12496.0
410101,53.557,-0.258,12496.0
410115,53.513,-0.161,12496.0
410131,53.499,-0.131,12496.0
410141,53.486,-0.104,12496.0
410162,53.46,-0.046,12496.0
410175,53.438,0.002,12496.0
410187,53.43,0.02,12496.0
410202,53.396,0.093,12496.0
410211,53.388,0.111,12496.0
410222,53.372,0.145,12496.0
410232,53.36,0.176,12496.0
410244,53.347,0.203,12496.0
410257,53.324,0.252,12496.0
410276,53.308,0.289,12496.0
410288,53.272,0.366,12496.0
410299,53.263,0.387,12496.0
410318,53.24,0.436,12496.0
410337,53.22,0.482,12496.0
410347,53.209,0.503,12496.0
410361,53.169,0.591,12496.0
410375,53.157,0.618,12496.0
410397,53.129,0.678,12496.0
410408,53.118,0.699,12496.0
410424,53.095,0.75,12496.0
410434,53.087,0.768,12496.0
410449,53.048,0.852,12496.0
410467,53.036,0.876,12496.0
410485,53.013,0.924,12496.0
410507,52.982,1.016,12496.0
410519,52.973,1.055,12496.0
410540,52.964,1.125,12489.0
410556,52.957,1.192,12367.0
410565,52.949,1.259,12138.0
410577,52.946,1.285,12054.0
410586,52.943,1.31,11963.0
410602,52.936,1.362,11788.0
410619,52.928,1.429,11551.0
410633,52.924,1.466,11422.0
410647,52.919,1.506,11269.0
410654,52.911,1.576,11018.0
410666,52.907,1.613,10873.0
410675,52.902,1.646,10728.0
410688,52.899,1.672,10614.0
410701,52.891,1.739,10332.0
410713,52.887,1.768,10195.0
410730,52.881,1.82,9974.0
410749,52.869,1.923,9616.0
410763,52.865,1.959,9494.0
410778,52.857,2.019,9281.0
410795,52.853,2.047,9174.0
410814,52.845,2.117,8945.0
410829,52.84,2.151,8823.0
410842,52.828,2.246,8496.0
410852,52.826,2.266,8427.0
410865,52.822,2.299,8313.0
410903,52.807,2.417,7909.0
410925,52.795,2.512,7627.0
410935,52.791,2.54,7528.0
410950,52.786,2.583,7452.0
410961,52.783,2.607,7459.0
410980,52.775,2.663,7406.0
410989,52.774,2.675,7399.0
411007,52.768,2.717,7353.0
411021,52.756,2.808,7254.0
411029,52.755,2.82,7246.0
411042,52.75,2.856,7200.0
411052,52.746,2.892,7162.0
411062,52.743,2.91,7147.0
411073,52.738,2.943,7109.0
411082,52.734,2.963,7086.0
411097,52.724,3.012,6926.0
411105,52.721,3.026,6873.0
411119,52.708,3.091,6637.0
411139,52.696,3.15,6431.0
411149,52.694,3.16,6377.0
411163,52.686,3.198,6210.0
411170,51.939,3.492,7315.0
411174,52.682,3.214,6141.0
411188,52.671,3.267,5882.0
411204,52.664,3.303,5669.0
411221,52.655,3.345,5448.0
411234,52.644,3.397,5166.0
411252,52.635,3.445,4930.0
411265,52.631,3.463,4846.0
411282,52.622,3.507,4648.0
411294,52.612,3.555,4419.0
411318,52.603,3.598,4221.0
411334,52.597,3.628,4084.0
411347,52.59,3.661,3977.0
411363,52.585,3.689,3947.0
411377,52.579,3.715,3916.0
411397,52.57,3.756,3794.0
411405,52.565,3.78,3703.0
411417,52.555,3.826,3512.0
411433,52.549,3.851,3383.0
411446,52.544,3.874,3276.0
411458,52.537,3.905,3093.0
411474,52.534,3.922,3009.0
411486,52.531,3.937,2941.0
411504,52.517,4.0,2659.0
411521,52.511,4.023,2560.0
411534,52.504,4.054,2407.0
411548,52.5,4.07,2331.0
411557,52.5,4.112,2179.0
411575,52.508,4.138,2087.0
411592,52.522,4.169,1965.0
411610,52.529,4.186,1882.0
411619,52.551,4.236,1699.0
411635,52.558,4.253,1653.0
411646,52.564,4.267,1592.0
411655,52.569,4.286,1493.0
411673,52.576,4.323,1356.0
411688,52.579,4.341,1280.0
411701,52.586,4.378,1150.0
411719,52.596,4.423,982.0
411729,52.6,4.446,906.0
411748,52.602,4.478,838.0
411767,52.603,4.508,815.0
411782,52.603,4.539,822.0
411792,52.604,4.575,815.0
411806,52.604,4.59,822.0
411828,52.604,4.621,822.0
411841,52.605,4.651,822.0
411857,52.605,4.666,822.0
411875,52.602,4.701,815.0
411891,52.595,4.713,815.0
411912,52.569,4.729,822.0
411935,52.558,4.729,822.0
411954,52.545,4.729,822.0
411973,52.533,4.728,822.0
411991,52.52,4.726,822.0
412012,52.507,4.725,822.0
412030,52.495,4.724,822.0
412048,52.478,4.722,822.0
412068,52.464,4.721,822.0
412092,52.453,4.72,792.0
412112,52.442,4.719,731.0
412136,52.426,4.717,624.0
412170,52.411,4.716,541.0
412197,52.399,4.715,480.0
412220,52.383,4.713,381.0
412247,52.37,4.712,297.0
412351,52.34,4.712,0.0
412580,52.322,4.731,0.0
412913,52.3,4.747,0.0
644723,39.491,-0.478,0.0
644975,39.49,-0.477,12092.0
644999,39.489,-0.474,12092.0
645010,39.489,-0.473,12092.0
645024,39.489,-0.472,12092.0
645040,39.488,-0.472,12092.0
645070,39.487,-0.47,12092.0
645412,39.622,-0.536,2644.0
645424,39.654,-0.504,3070.0
645440,39.67,-0.486,3223.0
645449,39.68,-0.476,3276.0
645464,39.698,-0.457,3360.0
645474,39.708,-0.445,3421.0
645485,39.72,-0.432,3497.0
645500,39.736,-0.414,3581.0
645511,39.748,-0.401,3642.0
645525,39.78,-0.365,3916.0
645535,39.791,-0.352,4015.0
645544,39.822,-0.317,4259.0
645556,39.837,-0.3,4366.0
645567,39.853,-0.282,4480.0
645575,39.865,-0.269,4579.0
645585,39.878,-0.254,4709.0
645596,39.894,-0.237,4869.0
645605,39.906,-0.222,4975.0
645615,39.919,-0.209,5059.0
645627,39.935,-0.191,5181.0
645637,39.947,-0.177,5280.0
645646,39.96,-0.162,5379.0
645656,39.976,-0.144,5509.0
645668,39.989,-0.129,5608.0
645683,40.028,-0.086,5882.0
645692,40.041,-0.071,5951.0
645701,40.054,-0.056,6035.0
645713,40.091,-0.015,6256.0
645722,40.104,0.0,6347.0
645738,40.125,0.023,6484.0
645749,40.14,0.039,6598.0
645762,40.164,0.062,6743.0
645772,40.175,0.073,6804.0
645783,40.196,0.091,6911.0
645792,40.207,0.1,6964.0
645802,40.238,0.124,7139.0
645814,40.255,0.135,7223.0
645824,40.296,0.16,7391.0
645838,40.32,0.172,7475.0
645858,40.356,0.189,7604.0
645866,40.369,0.194,7650.0
645880,40.412,0.211,7780.0
645890,40.431,0.217,7833.0
645905,40.457,0.227,7932.0
645915,40.475,0.234,8001.0
645924,40.491,0.241,8061.0
645940,40.524,0.254,8176.0
645950,40.541,0.262,8229.0
645961,40.563,0.274,8290.0
645970,40.578,0.282,8366.0
645979,40.639,0.323,8763.0
645990,40.659,0.337,8923.0
646000,40.675,0.348,9014.0
646010,40.695,0.361,9090.0
646021,40.711,0.373,9121.0
646031,40.728,0.384,9136.0
646042,40.747,0.397,9166.0
646052,40.764,0.408,9204.0
646061,40.779,0.419,9258.0
646073,40.799,0.433,9326.0
646082,40.816,0.444,9387.0
646090,40.826,0.452,9425.0
646103,40.867,0.479,9593.0
646118,40.89,0.496,9685.0
646128,40.936,0.528,9883.0
646139,40.952,0.539,9936.0
646157,40.976,0.556,10012.0
646178,41.029,0.593,10187.0
646198,41.061,0.615,10302.0
646225,41.124,0.656,10530.0
646240,41.158,0.674,10637.0
646254,41.187,0.687,10721.0
646265,41.204,0.694,10774.0
646279,41.226,0.702,10812.0
646300,41.265,0.717,10850.0
646310,41.282,0.724,10873.0
646319,41.3,0.731,10888.0
646335,41.329,0.742,10919.0
646344,41.36,0.755,10957.0
646354,41.378,0.762,10965.0
646365,41.425,0.78,10972.0
646375,41.442,0.787,10972.0
646390,41.466,0.796,10972.0
646399,41.483,0.803,10972.0
646410,41.501,0.81,10972.0
646420,41.522,0.818,10972.0
646433,41.542,0.826,10972.0
646457,41.601,0.849,10972.0
646464,41.615,0.855,10972.0
646476,41.631,0.861,10972.0
646486,41.649,0.868,10972.0
646495,41.67,0.877,10972.0
646506,41.688,0.884,10972.0
646517,41.74,0.904,10972.0
646527,41.756,0.911,10980.0
646543,41.796,0.927,10972.0
646552,41.817,0.935,10972.0
646562,41.835,0.942,10972.0
646572,41.852,0.949,10972.0
646582,41.87,0.956,10972.0
646594,41.89,0.964,10980.0
646608,41.935,0.982,10972.0
646618,41.952,0.989,10972.0
646629,41.969,0.996,10972.0
646639,41.985,1.002,10972.0
646649,42.003,1.009,10972.0
646665,42.059,1.031,10972.0
646674,42.081,1.037,10972.0
646689,42.107,1.044,10972.0
646700,42.129,1.048,10972.0
646709,42.151,1.051,10972.0
646720,42.173,1.054,10965.0
646730,42.191,1.055,10965.0
646739,42.212,1.055,10972.0
646751,42.23,1.055,10972.0
646765,42.273,1.049,10972.0
646776,42.293,1.042,10972.0
646785,42.31,1.034,10972.0
646796,42.325,1.026,10972.0
646806,42.341,1.018,10972.0
646817,42.358,1.011,10972.0
646827,42.398,0.993,10972.0
646834,42.41,0.988,10972.0
646847,42.442,0.974,10972.0
646858,42.462,0.964,10972.0
646865,42.474,0.959,10972.0
646878,42.494,0.949,10980.0
646886,42.509,0.942,10980.0
646897,42.53,0.932,10972.0
646906,42.544,0.925,10972.0
646918,42.565,0.915,10972.0
646928,42.581,0.907,10972.0
646938,42.596,0.9,10972.0
646947,42.636,0.881,10980.0
646956,42.652,0.873,10980.0
646967,42.673,0.864,10980.0
646982,42.696,0.852,10972.0
646990,42.708,0.847,10972.0
647002,42.74,0.831,10965.0
647014,42.76,0.822,10965.0
647028,42.784,0.81,10965.0
647040,42.829,0.789,10965.0
647049,42.847,0.78,10965.0
647059,42.867,0.77,10965.0
647075,42.889,0.76,10965.0
647084,42.905,0.752,10965.0
647094,42.925,0.742,10965.0
647106,42.946,0.732,10965.0
647116,42.965,0.723,10965.0
647126,43.008,0.702,10980.0
647134,43.019,0.697,10972.0
647146,43.04,0.687,10972.0
647157,43.06,0.677,10980.0
647165,43.075,0.67,10980.0
647176,43.096,0.66,10980.0
647187,43.11,0.653,10972.0
647195,43.127,0.645,10972.0
647205,43.147,0.635,10972.0
647215,43.163,0.627,10972.0
647225,43.179,0.619,10980.0
647237,43.226,0.596,10972.0
647245,43.241,0.589,10980.0
647258,43.261,0.579,10980.0
647266,43.276,0.572,10980.0
647277,43.297,0.561,10972.0
647287,43.313,0.554,10972.0
647296,43.328,0.546,10972.0
647307,43.348,0.536,10972.0
647318,43.367,0.527,10972.0
647328,43.408,0.507,10972.0
647339,43.427,0.498,10972.0
647358,43.459,0.482,10965.0
647383,43.501,0.461,10972.0
647393,43.517,0.454,10972.0
647403,43.535,0.445,10972.0
647413,43.551,0.437,10965.0
647428,43.602,0.412,10965.0
647443,43.631,0.398,10972.0
647453,43.646,0.39,10972.0
647465,43.664,0.381,10972.0
647474,43.681,0.373,10972.0
647485,43.701,0.363,10972.0
647495,43.716,0.355,10980.0
647505,43.737,0.345,10980.0
647519,43.758,0.334,10980.0
647529,43.799,0.314,10980.0
647539,43.819,0.304,10980.0
647550,43.839,0.294,10972.0
647560,43.854,0.286,10972.0
647571,43.874,0.277,10972.0
647582,43.894,0.267,10965.0
647590,43.906,0.261,10972.0
647602,43.929,0.249,10972.0
647611,43.946,0.241,10972.0
647622,43.965,0.231,10972.0
647629,43.977,0.225,10972.0
647642,44.025,0.201,10972.0
647656,44.048,0.189,10972.0
647667,44.068,0.18,10980.0
647677,44.083,0.172,10980.0
647687,44.103,0.162,10980.0
647698,44.122,0.152,10980.0
647706,44.134,0.146,10972.0
647718,44.159,0.134,10972.0
647727,44.171,0.128,10972.0
647737,44.213,0.106,10972.0
647748,44.228,0.099,10972.0
647758,44.248,0.089,10972.0
647768,44.262,0.082,10972.0
647782,44.291,0.067,10972.0
647795,44.311,0.057,10980.0
647810,44.338,0.043,10972.0
647819,44.36,0.032,10980.0
647830,44.374,0.025,10980.0
647839,44.391,0.016,10980.0
647855,44.444,-0.007,10972.0
647869,44.466,-0.014,10972.0
647882,44.493,-0.021,10972.0
647894,44.518,-0.028,10972.0
647904,44.535,-0.034,10972.0
647918,44.561,-0.041,10972.0
647930,44.582,-0.048,10972.0
647939,44.599,-0.053,10972.0
647951,44.643,-0.067,10972.0
647965,44.674,-0.076,10972.0
647975,44.688,-0.08,10972.0
647990,44.712,-0.087,10972.0
648010,44.751,-0.099,10972.0
648022,44.776,-0.106,10972.0
648040,44.805,-0.115,10972.0
648050,44.845,-0.127,10972.0
648061,44.869,-0.134,10972.0
648077,44.894,-0.141,10980.0
648092,44.922,-0.15,10972.0
648102,44.939,-0.155,10972.0
648112,44.96,-0.161,10972.0
648132,45.018,-0.178,10972.0
648142,45.038,-0.184,10965.0
648154,45.059,-0.19,10965.0
648168,45.084,-0.197,10965.0
648179,45.104,-0.203,10965.0
648199,45.144,-0.215,10965.0
648209,45.164,-0.22,10972.0
648225,45.193,-0.229,10972.0
648239,45.243,-0.244,10980.0
648249,45.259,-0.248,10980.0
648259,45.276,-0.253,10980.0
648275,45.309,-0.263,10972.0
648285,45.325,-0.268,10972.0
648297,45.35,-0.275,10972.0
648313,45.38,-0.284,10972.0
648324,45.399,-0.289,10972.0
648339,45.424,-0.297,10972.0
648357,45.482,-0.313,10972.0
648374,45.509,-0.321,10965.0
648390,45.532,-0.328,10965.0
648404,45.583,-0.343,10972.0
648417,45.602,-0.348,10965.0
648430,45.626,-0.355,10972.0
648447,45.676,-0.37,10972.0
648461,45.699,-0.376,10972.0
648470,45.714,-0.38,10972.0
648484,45.74,-0.388,10972.0
648495,45.76,-0.393,10980.0
648507,45.781,-0.399,10980.0
648517,45.797,-0.404,10980.0
648529,45.845,-0.417,10972.0
648542,45.869,-0.426,10972.0
648553,45.885,-0.433,10972.0
648562,45.901,-0.44,10972.0
648572,45.916,-0.447,10972.0
648582,45.932,-0.454,10972.0
648596,45.961,-0.468,10972.0
648614,46.017,-0.493,10972.0
648627,46.041,-0.504,10972.0
648637,46.055,-0.511,10972.0
648648,46.076,-0.52,10972.0
648657,46.092,-0.528,10972.0
648667,46.108,-0.535,10972.0
648677,46.124,-0.542,10972.0
648688,46.14,-0.549,10972.0
648701,46.188,-0.57,10972.0
648710,46.204,-0.577,10972.0
648719,46.22,-0.585,10972.0
648729,46.235,-0.591,10972.0
648739,46.252,-0.599,10972.0
648750,46.271,-0.607,10972.0
648763,46.315,-0.627,10972.0
648773,46.331,-0.634,10972.0
648783,46.347,-0.641,10972.0
648800,46.375,-0.653,10972.0
648811,46.39,-0.66,10972.0
648822,46.411,-0.669,10972.0
648833,46.454,-0.688,10972.0
648845,46.473,-0.696,10972.0
648855,46.49,-0.704,10972.0
648865,46.506,-0.711,10972.0
648878,46.525,-0.719,10972.0
648886,46.539,-0.725,10972.0
648897,46.582,-0.744,10972.0
648907,46.598,-0.751,10972.0
648917,46.612,-0.757,10972.0
648933,46.642,-0.77,10972.0
648942,46.658,-0.777,10972.0
648953,46.673,-0.783,10972.0
648962,46.69,-0.791,10972.0
648974,46.735,-0.81,10972.0
648985,46.759,-0.82,10972.0
648997,46.775,-0.827,10972.0
649010,46.791,-0.834,10972.0
649019,46.806,-0.841,10972.0
649035,46.851,-0.857,10972.0
649051,46.879,-0.866,10972.0
649064,46.901,-0.871,10972.0
649081,46.947,-0.883,10972.0
649104,47.004,-0.899,10972.0
649117,47.031,-0.907,10972.0
649135,47.064,-0.917,10972.0
649145,47.088,-0.925,10972.0
649160,47.112,-0.932,10972.0
649172,47.134,-0.939,10972.0
649182,47.155,-0.945,10972.0
649192,47.172,-0.95,10972.0
649203,47.216,-0.961,10972.0
649212,47.228,-0.964,10972.0
649224,47.254,-0.968,10972.0
649240,47.284,-0.972,10972.0
649252,47.305,-0.975,10972.0
649262,47.324,-0.978,10972.0
649281,47.388,-0.989,10972.0
649292,47.404,-0.992,10972.0
649304,47.424,-0.996,10972.0
649320,47.451,-1.001,10972.0
649339,47.513,-1.013,10972.0
649355,47.538,-1.018,10972.0
649369,47.565,-1.023,10972.0
649379,47.582,-1.026,10972.0
649395,47.608,-1.031,10972.0
649405,47.656,-1.04,10972.0
649419,47.677,-1.043,10972.0
649430,47.691,-1.046,10972.0
649442,47.717,-1.051,10972.0
649462,47.775,-1.062,10972.0
649477,47.803,-1.068,10972.0
649491,47.83,-1.072,10972.0
649507,47.858,-1.078,10972.0
649520,47.88,-1.082,10972.0
649539,47.939,-1.093,10972.0
649551,47.962,-1.097,10972.0
649563,47.983,-1.102,10972.0
649574,48.0,-1.105,10972.0
649589,48.027,-1.11,10972.0
649605,48.079,-1.12,10972.0
649618,48.105,-1.125,10972.0
649633,48.127,-1.129,10972.0
649645,48.143,-1.132,10972.0
649663,48.196,-1.142,10972.0
649675,48.219,-1.147,10972.0
649689,48.239,-1.15,10972.0
649704,48.268,-1.156,10972.0
649721,48.317,-1.165,10972.0
649733,48.338,-1.169,10972.0
649746,48.363,-1.174,10972.0
649761,48.407,-1.183,10972.0
649789,48.448,-1.191,10972.0
649807,48.508,-1.202,10972.0
649826,48.561,-1.213,10972.0
649837,48.578,-1.216,10972.0
649844,48.591,-1.218,10972.0
649866,48.629,-1.226,10972.0
649877,48.673,-1.235,10972.0
649886,48.688,-1.238,10972.0
649895,48.705,-1.241,10972.0
649907,48.731,-1.246,10972.0
649923,48.759,-1.251,10972.0
649937,48.785,-1.256,10972.0
649950,48.83,-1.265,10972.0
649960,48.843,-1.268,10972.0
649970,48.867,-1.272,10972.0
649985,48.894,-1.278,10972.0
649997,48.941,-1.287,10972.0
650007,48.958,-1.291,10972.0
650018,48.976,-1.294,10972.0
650031,48.998,-1.299,10972.0
650041,49.015,-1.302,10972.0
650053,49.037,-1.306,10972.0
650066,49.089,-1.317,10972.0
650079,49.112,-1.321,10972.0
650093,49.136,-1.326,10972.0
650103,49.154,-1.329,10972.0
650120,49.208,-1.34,10919.0
650138,49.238,-1.346,10896.0
650156,49.268,-1.352,10843.0
650166,49.286,-1.356,10820.0
650180,49.343,-1.367,10751.0
650195,49.367,-1.372,10721.0
650205,49.387,-1.376,10690.0
650216,49.404,-1.38,10668.0
650229,49.426,-1.384,10645.0
650246,49.452,-1.39,10607.0
650257,49.494,-1.398,10530.0
650276,49.525,-1.404,10462.0
650292,49.557,-1.41,10393.0
650299,49.574,-1.414,10363.0
650314,49.598,-1.418,10317.0
650332,49.662,-1.408,10180.0
650339,49.678,-1.4,10119.0
650350,49.696,-1.39,10035.0
650367,49.722,-1.375,9852.0
650375,49.737,-1.366,9745.0
650386,49.783,-1.34,9342.0
650402,49.814,-1.322,9098.0
650412,49.828,-1.315,9044.0
650422,49.845,-1.305,8961.0
650432,49.866,-1.293,8831.0
650439,49.88,-1.285,8732.0
650453,49.942,-1.25,8374.0
650467,49.967,-1.236,8244.0
650478,49.984,-1.227,8138.0
650485,49.995,-1.221,8069.0
650497,50.015,-1.209,7955.0
650514,50.046,-1.192,7795.0
650528,50.098,-1.162,7498.0
650539,50.119,-1.15,7360.0
650559,50.164,-1.125,7094.0
650574,50.19,-1.111,6941.0
650584,50.204,-1.103,6873.0
650601,50.253,-1.075,6667.0
650610,50.269,-1.066,6576.0
650624,50.287,-1.056,6461.0
650637,50.309,-1.044,6339.0
650657,50.336,-1.028,6195.0
650666,50.394,-0.995,5897.0
650676,50.408,-0.987,5859.0
650686,50.423,-0.979,5821.0
650697,50.438,-0.97,5737.0
650709,50.452,-0.962,5684.0
650720,50.466,-0.954,5623.0
650731,50.482,-0.944,5539.0
650739,50.493,-0.936,5471.0
650753,50.532,-0.878,5128.0
650762,50.542,-0.855,5036.0
650771,50.548,-0.841,4968.0
650782,50.556,-0.824,4876.0
650798,50.568,-0.796,4724.0
650809,50.581,-0.767,4564.0
650823,50.59,-0.748,4472.0
650836,50.61,-0.705,4297.0
650845,50.616,-0.692,4244.0
650858,50.637,-0.647,4099.0
650870,50.646,-0.626,4053.0
650880,50.656,-0.605,4008.0
650897,50.678,-0.557,3893.0
650915,50.688,-0.536,3848.0
650930,50.713,-0.48,3718.0
650943,50.723,-0.459,3665.0
650953,50.73,-0.444,3634.0
650965,50.747,-0.406,3543.0
650976,50.753,-0.392,3512.0
650991,50.762,-0.372,3467.0
651000,50.781,-0.33,3360.0
651012,50.788,-0.313,3322.0
651097,50.858,-0.158,2750.0
651111,50.87,-0.13,2743.0
651131,50.892,-0.082,2743.0
651149,50.913,-0.055,2743.0
651175,50.941,-0.056,2743.0
651195,50.956,-0.079,2743.0
651216,50.956,-0.114,2720.0
651236,50.954,-0.132,2674.0
651251,50.956,-0.15,2621.0
651266,50.975,-0.177,2552.0
651284,50.993,-0.178,2506.0
651301,51.007,-0.17,2430.0
651318,51.027,-0.131,2278.0
651332,51.031,-0.106,2209.0
651344,51.033,-0.091,2164.0
651365,51.04,-0.036,1996.0
651374,51.042,-0.023,1950.0
651385,51.044,-0.008,1897.0
651399,51.049,0.029,1783.0
651414,51.053,0.058,1714.0
651426,51.055,0.074,1676.0
651439,51.057,0.088,1653.0
651453,51.062,0.132,1600.0
651472,51.076,0.174,1531.0
651490,51.087,0.2,1493.0
651501,51.092,0.212,1478.0
651512,51.099,0.227,1447.0
651531,51.113,0.238,1417.0
651554,51.138,0.236,1371.0
651573,51.15,0.234,1356.0
651591,51.175,0.229,1348.0
651609,51.187,0.222,1325.0
651623,51.192,0.21,1303.0
651644,51.196,0.183,1257.0
651660,51.195,0.169,1226.0
651678,51.195,0.156,1203.0
651697,51.193,0.144,1181.0
651710,51.19,0.121,1127.0
651725,51.189,0.108,1104.0
651743,51.187,0.096,1082.0
651761,51.184,0.075,1043.0
651780,51.182,0.062,1043.0
651800,51.179,0.034,1013.0
651820,51.176,0.018,952.0
651832,51.846,3.256,11544.0
651837,51.175,0.005,899.0
651851,51.173,-0.005,853.0
651865,51.17,-0.027,769.0
651886,51.168,-0.042,708.0
651900,51.166,-0.054,662.0
651916,51.165,-0.065,617.0
651931,51.162,-0.087,533.0
651951,51.16,-0.099,480.0
651967,51.158,-0.118,411.0
651992,51.155,-0.138,335.0
652009,51.153,-0.15,289.0
652023,51.152,-0.16,243.0
652039,51.149,-0.181,190.0
652063,51.147,-0.192,0.0
