3005
152581,32.018,34.896,0.0
152592,32.017,34.892,30.0
152607,32.015,34.88,30.0
152626,32.012,34.859,190.0
152636,32.011,34.853,289.0
152645,32.011,34.848,388.0
152656,32.009,34.842,502.0
152666,32.007,34.83,647.0
152677,32.006,34.825,701.0
152688,32.003,34.809,861.0
152703,32.0,34.799,944.0
152718,31.996,34.78,1028.0
152729,31.995,34.774,1051.0
152744,31.993,34.764,1097.0
152756,31.992,34.743,1150.0
152771,31.995,34.732,1203.0
152784,32.002,34.71,1363.0
152796,32.01,34.685,1623.0
152810,32.014,34.673,1767.0
152825,32.02,34.653,1996.0
152842,32.026,34.634,2171.0
152866,32.027,34.609,2392.0
152893,32.029,34.566,2804.0
152906,32.03,34.553,2903.0
152914,32.032,34.514,3147.0
152931,32.033,34.501,3200.0
152940,32.034,34.486,3238.0
152949,32.034,34.474,3268.0
153009,31.869,34.091,3543.0
153045,31.802,33.924,3901.0
153070,31.758,33.812,4191.0
153096,31.712,33.697,4472.0
153143,31.649,33.537,4800.0
153167,31.58,33.375,5143.0
153209,31.511,33.217,5433.0
153364,31.714,30.846,6751.0
153530,34.926,36.439,7581.0
153896,33.008,32.892,9364.0
153921,33.024,32.867,9464.0
153936,33.048,32.832,9563.0
154494,33.664,31.899,10363.0
154511,33.689,31.861,10363.0
154539,33.706,31.832,10363.0
154560,33.734,31.79,10363.0
154581,33.762,31.747,10363.0
154607,33.785,31.712,10355.0
154622,33.808,31.677,10355.0
154647,33.827,31.646,10355.0
154665,33.851,31.615,10355.0
154849,34.06,31.285,10378.0
154864,34.07,31.269,10378.0
154879,34.093,31.233,10370.0
154890,34.102,31.22,10370.0
154903,34.111,31.206,10370.0
154916,34.144,31.154,10363.0
154925,34.15,31.144,10363.0
154935,34.159,31.13,10363.0
154946,34.17,31.113,10363.0
154954,34.176,31.104,10363.0
154965,34.19,31.081,10355.0
154980,34.207,31.055,10355.0
154989,34.215,31.044,10355.0
155001,34.234,31.013,10355.0
155011,34.243,30.999,10363.0
155025,34.254,30.982,10363.0
155037,34.263,30.968,10370.0
155045,34.272,30.954,10370.0
155059,34.294,30.919,10370.0
155071,34.303,30.905,10370.0
155083,34.312,30.891,10370.0
155094,34.331,30.86,10370.0
155111,34.343,30.84,10363.0
155120,34.364,30.808,10363.0
155133,34.375,30.79,10363.0
155142,34.381,30.78,10363.0
155157,34.401,30.749,10355.0
155168,34.41,30.735,10355.0
155179,34.419,30.72,10355.0
155193,34.432,30.699,10355.0
155208,34.445,30.679,10355.0
155218,34.476,30.629,10355.0
155229,34.482,30.619,10355.0
155239,34.49,30.607,10355.0
155257,34.506,30.581,10363.0
155285,34.537,30.533,10363.0
155308,34.566,30.487,10363.0
155319,34.573,30.475,10370.0
155330,34.583,30.46,10363.0
155339,34.606,30.423,10370.0
155359,34.632,30.381,10370.0
155371,34.64,30.367,10370.0
155390,34.657,30.341,10370.0
155401,34.667,30.325,10370.0
155411,34.677,30.31,10370.0
155421,34.693,30.283,10370.0
155431,34.703,30.267,10370.0
155445,34.714,30.249,10370.0
155454,34.723,30.235,10363.0
155468,34.734,30.218,10363.0
155484,34.772,30.158,10363.0
155495,34.781,30.145,10355.0
155517,34.805,30.115,10363.0
155529,34.817,30.099,10363.0
155540,34.828,30.086,10355.0
155549,34.848,30.06,10355.0
155565,34.863,30.04,10355.0
155575,34.873,30.027,10363.0
155584,34.884,30.014,10363.0
155597,34.896,29.998,10363.0
155607,34.922,29.965,10363.0
155619,34.934,29.948,10363.0
155629,34.945,29.935,10363.0
155640,34.967,29.906,10363.0
155651,34.978,29.892,10363.0
155669,34.995,29.869,10363.0
155680,35.006,29.856,10363.0
155692,35.031,29.823,10370.0
155702,35.041,29.809,10370.0
155713,35.052,29.796,10363.0
155729,35.067,29.776,10370.0
155740,35.08,29.759,10370.0
155752,35.105,29.727,10363.0
155764,35.118,29.71,10363.0
155785,35.136,29.687,10363.0
155799,35.164,29.65,10363.0
155819,35.194,29.611,10355.0
155829,35.204,29.598,10355.0
155848,35.222,29.574,10355.0
155861,35.232,29.561,10355.0
155869,35.242,29.548,10355.0
155886,35.27,29.512,10363.0
155896,35.28,29.498,10363.0
155907,35.29,29.485,10363.0
155920,35.303,29.468,10363.0
155931,35.34,29.42,10363.0
155943,35.354,29.401,10363.0
155954,35.365,29.388,10363.0
155964,35.374,29.375,10355.0
155978,35.389,29.356,10355.0
155989,35.4,29.342,10363.0
156003,35.429,29.304,10363.0
156021,35.446,29.281,10363.0
156031,35.457,29.266,10363.0
156041,35.467,29.253,10363.0
156053,35.487,29.226,10363.0
156063,35.498,29.212,10363.0
156072,35.508,29.199,10363.0
156089,35.525,29.177,10363.0
156100,35.547,29.147,10370.0
156115,35.562,29.127,10370.0
156124,35.572,29.114,10370.0
156138,35.6,29.077,10370.0
156154,35.615,29.058,10370.0
156169,35.639,29.025,10370.0
156179,35.649,29.011,10363.0
156198,35.668,28.987,10363.0
156208,35.677,28.975,10363.0
156218,35.698,28.947,10363.0
156237,35.713,28.926,10363.0
156247,35.724,28.913,10363.0
156261,35.763,28.86,10355.0
156269,35.772,28.847,10355.0
156285,35.788,28.827,10355.0
156298,35.8,28.81,10355.0
156310,35.813,28.793,10355.0
156321,35.826,28.775,10355.0
156330,35.844,28.752,10355.0
156340,35.854,28.738,10355.0
156350,35.864,28.725,10363.0
156362,35.878,28.707,10363.0
156373,35.892,28.688,10370.0
156388,35.917,28.654,10370.0
156400,35.927,28.64,10370.0
156412,35.938,28.626,10370.0
156425,35.961,28.595,10378.0
156437,35.987,28.559,10370.0
156447,35.997,28.546,10370.0
156459,36.007,28.533,10370.0
156473,36.031,28.5,10363.0
156484,36.046,28.48,10363.0
156494,36.057,28.466,10363.0
156506,36.066,28.453,10363.0
156516,36.077,28.438,10363.0
156529,36.109,28.395,10363.0
156546,36.133,28.362,10363.0
156567,36.161,28.324,10363.0
156591,36.185,28.292,10363.0
156612,36.216,28.25,10363.0
156626,36.23,28.231,10363.0
156637,36.241,28.216,10363.0
156646,36.25,28.204,10363.0
156654,36.271,28.175,10363.0
156670,36.29,28.149,10363.0
156681,36.304,28.13,10363.0
156693,36.317,28.112,10363.0
156706,36.331,28.093,10363.0
156714,36.341,28.08,10363.0
156731,36.363,28.054,10363.0
156748,36.395,28.018,10363.0
156758,36.41,28.001,10363.0
156768,36.42,27.988,10363.0
156778,36.435,27.972,10363.0
156790,36.446,27.959,10363.0
156806,36.48,27.919,10363.0
156815,36.492,27.906,10363.0
156829,36.508,27.886,10363.0
156845,36.528,27.863,10363.0
156861,36.54,27.85,10363.0
156877,36.579,27.805,10363.0
156889,36.593,27.789,10363.0
156904,36.611,27.767,10363.0
156924,36.649,27.724,10363.0
156934,36.66,27.711,10363.0
156950,36.679,27.689,10363.0
156959,36.69,27.676,10363.0
156971,36.706,27.657,10363.0
156982,36.728,27.632,10363.0
156996,36.742,27.616,10363.0
157004,36.751,27.604,10363.0
157015,36.779,27.572,10363.0
157026,36.792,27.557,10363.0
157034,36.801,27.546,10363.0
157049,36.815,27.529,10363.0
157062,36.843,27.496,10363.0
157085,36.874,27.46,10363.0
157095,36.885,27.447,10363.0
157110,36.905,27.423,10363.0
157122,36.922,27.403,10363.0
157130,36.932,27.392,10363.0
157140,36.955,27.365,10363.0
157153,36.966,27.352,10363.0
157163,36.982,27.333,10363.0
157172,36.991,27.322,10363.0
157188,37.011,27.298,10363.0
157196,37.037,27.268,10363.0
157206,37.046,27.257,10363.0
157216,37.057,27.245,10355.0
157232,37.076,27.221,10355.0
157241,37.087,27.209,10355.0
157253,37.109,27.182,10355.0
157266,37.123,27.166,10355.0
157279,37.156,27.127,10355.0
157290,37.168,27.113,10355.0
157302,37.181,27.098,10363.0
157319,37.203,27.071,10363.0
157334,37.222,27.048,10363.0
157349,37.247,27.018,10363.0
157364,37.265,26.997,10363.0
157379,37.283,26.975,10370.0
157391,37.314,26.939,10370.0
157406,37.329,26.921,10370.0
157420,37.338,26.911,10370.0
157433,37.375,26.866,10370.0
157442,37.386,26.853,10370.0
157451,37.396,26.841,10378.0
157460,37.408,26.827,10378.0
157469,37.417,26.817,10370.0
157480,37.435,26.798,10370.0
157491,37.446,26.787,10378.0
157506,37.48,26.75,10363.0
157518,37.497,26.732,10363.0
157526,37.509,26.719,10363.0
157537,37.521,26.706,10363.0
157548,37.533,26.693,10363.0
157559,37.563,26.66,10355.0
157575,37.577,26.645,10355.0
157589,37.595,26.626,10355.0
157607,37.629,26.589,10347.0
157617,37.639,26.577,10355.0
157632,37.656,26.559,10363.0
157655,37.697,26.514,10363.0
157668,37.729,26.48,10370.0
157684,37.748,26.459,10370.0
157704,37.775,26.43,10378.0
157717,37.793,26.411,10370.0
157731,37.805,26.398,10370.0
157759,37.848,26.353,10370.0
157770,37.869,26.331,10363.0
157781,37.898,26.3,10363.0
157789,37.909,26.289,10363.0
157808,37.93,26.267,10363.0
157821,37.96,26.235,10355.0
157833,37.975,26.219,10355.0
157842,37.986,26.208,10355.0
157856,38.002,26.19,10355.0
157874,38.034,26.156,10355.0
157886,38.051,26.139,10355.0
157898,38.062,26.127,10355.0
157906,38.09,26.097,10355.0
157916,38.102,26.084,10355.0
157928,38.115,26.071,10355.0
157940,38.131,26.053,10355.0
157954,38.157,26.026,10355.0
157964,38.169,26.013,10363.0
157977,38.184,25.997,10363.0
157990,38.21,25.969,10363.0
157999,38.221,25.958,10363.0
158009,38.232,25.945,10363.0
158019,38.258,25.917,10363.0
158039,38.281,25.893,10370.0
158049,38.292,25.881,10370.0
158060,38.326,25.845,10370.0
158071,38.337,25.833,10370.0
158084,38.35,25.819,10370.0
158097,38.367,25.801,10363.0
158112,38.388,25.778,10363.0
158122,38.4,25.765,10363.0
158141,38.421,25.742,10363.0
158157,38.455,25.705,10363.0
158172,38.47,25.689,10363.0
158188,38.503,25.654,10363.0
158203,38.536,25.619,10363.0
158228,38.569,25.582,10363.0
158239,38.585,25.566,10363.0
158250,38.603,25.546,10363.0
158263,38.618,25.529,10363.0
158271,38.636,25.51,10370.0
158295,38.672,25.471,10363.0
158309,38.69,25.451,10363.0
158322,38.718,25.421,10370.0
158341,38.74,25.397,10370.0
158360,38.776,25.357,10363.0
158376,38.79,25.342,10363.0
158393,38.81,25.32,10363.0
158414,38.863,25.263,10363.0
158430,38.882,25.242,10355.0
158447,38.896,25.227,10355.0
158469,38.944,25.173,10363.0
158480,38.956,25.16,10363.0
158501,38.993,25.12,10363.0
158511,39.008,25.103,10363.0
158522,39.018,25.092,10363.0
158529,39.028,25.08,10363.0
158539,39.056,25.05,10363.0
158557,39.077,25.027,10363.0
158570,39.091,25.011,10363.0
158582,39.124,24.975,10363.0
158596,39.135,24.962,10363.0
158613,39.158,24.937,10363.0
158620,39.169,24.925,10363.0
158634,39.194,24.897,10363.0
158645,39.207,24.883,10363.0
158660,39.222,24.866,10363.0
158674,39.25,24.835,10363.0
158687,39.263,24.82,10363.0
158700,39.278,24.803,10363.0
158715,39.321,24.756,10363.0
158728,39.334,24.741,10363.0
158743,39.367,24.705,10363.0
158757,39.378,24.693,10363.0
158765,39.387,24.682,10363.0
158777,39.398,24.67,10363.0
158788,39.424,24.64,10363.0
158803,39.455,24.606,10363.0
158824,39.49,24.566,10363.0
158838,39.503,24.551,10363.0
158861,39.54,24.51,10370.0
158876,39.575,24.471,10363.0
158888,39.588,24.457,10363.0
158900,39.616,24.425,10363.0
158913,39.628,24.411,10363.0
158927,39.641,24.397,10363.0
158936,39.666,24.368,10363.0
158950,39.679,24.354,10363.0
158965,39.694,24.336,10363.0
158981,39.726,24.301,10363.0
158991,39.754,24.269,10363.0
159003,39.767,24.255,10363.0
159019,39.798,24.219,10363.0
159031,39.809,24.206,10363.0
159047,39.822,24.192,10363.0
159061,39.857,24.152,10363.0
159084,39.897,24.106,10363.0
159097,39.907,24.095,10363.0
159112,39.919,24.08,10363.0
159123,39.964,24.029,10363.0
159132,39.974,24.018,10363.0
159143,39.984,24.006,10363.0
159153,39.995,23.994,10363.0
159161,40.004,23.983,10363.0
159176,40.052,23.928,10363.0
159187,40.062,23.916,10363.0
159203,40.08,23.896,10363.0
159214,40.103,23.869,10363.0
159226,40.113,23.858,10363.0
159237,40.127,23.842,10363.0
159246,40.137,23.831,10363.0
159255,40.15,23.816,10363.0
159264,40.192,23.766,10363.0
159279,40.207,23.75,10363.0
159289,40.216,23.739,10363.0
159303,40.245,23.705,10363.0
159325,40.269,23.678,10363.0
159337,40.291,23.653,10363.0
159364,40.352,23.582,10363.0
159380,40.363,23.569,10363.0
159399,40.393,23.534,10363.0
159416,40.428,23.493,10363.0
159428,40.441,23.478,10363.0
159442,40.473,23.441,10363.0
159455,40.486,23.425,10363.0
159471,40.499,23.41,10363.0
159482,40.525,23.38,10363.0
159496,40.538,23.365,10363.0
159511,40.586,23.308,10363.0
159525,40.599,23.293,10363.0
159539,40.616,23.273,10363.0
159552,40.641,23.243,10363.0
159565,40.655,23.227,10363.0
159575,40.671,23.208,10363.0
159591,40.703,23.171,10363.0
159606,40.739,23.128,10370.0
159620,40.752,23.112,10363.0
159633,40.781,23.079,10363.0
159648,40.795,23.063,10370.0
159662,40.808,23.048,10363.0
159671,40.821,23.034,10363.0
159682,40.866,22.979,10363.0
159697,40.879,22.963,10363.0
159718,40.91,22.924,10363.0
159731,40.922,22.909,10363.0
159746,40.935,22.894,10363.0
159764,40.99,22.827,10363.0
159778,41.004,22.81,10363.0
159791,41.02,22.791,10363.0
159801,41.047,22.76,10363.0
159814,41.06,22.745,10363.0
159833,41.08,22.721,10363.0
159841,41.121,22.669,10363.0
159856,41.133,22.653,10363.0
159869,41.149,22.632,10363.0
159894,41.185,22.582,10363.0
159908,41.197,22.566,10363.0
159921,41.248,22.498,10363.0
159938,41.264,22.477,10363.0
159950,41.275,22.462,10363.0
159978,41.315,22.408,10363.0
159992,41.337,22.379,10363.0
160067,41.463,22.211,10363.0
160222,41.723,21.86,10363.0
160234,41.736,21.842,10363.0
160249,41.752,21.821,10370.0
160261,41.777,21.786,10370.0
160274,41.788,21.771,10370.0
160292,41.809,21.744,10363.0
160305,41.84,21.701,10363.0
160316,41.849,21.688,10370.0
160328,41.86,21.673,10370.0
160344,41.909,21.606,10370.0
160357,41.922,21.588,10370.0
160372,41.933,21.574,10363.0
160389,41.983,21.505,10363.0
160432,42.037,21.43,10363.0
160453,42.061,21.398,10363.0
160473,42.095,21.35,10363.0
160491,42.128,21.305,10363.0
160502,42.142,21.286,10370.0
160517,42.163,21.256,10363.0
160529,42.189,21.221,10363.0
160541,42.199,21.206,10363.0
160550,42.208,21.193,10363.0
160566,42.24,21.149,10363.0
160583,42.259,21.123,10363.0
160591,42.285,21.087,10363.0
160605,42.314,21.046,10363.0
160617,42.324,21.032,10363.0
160631,42.341,21.009,10363.0
160654,42.375,20.961,10363.0
160673,42.388,20.942,10363.0
160685,42.437,20.874,10355.0
160708,42.458,20.844,10355.0
160726,42.488,20.802,10355.0
160739,42.501,20.784,10355.0
160752,42.516,20.763,10355.0
160761,42.556,20.706,10355.0
160773,42.568,20.689,10363.0
160790,42.582,20.67,10363.0
160802,42.607,20.634,10363.0
160820,42.622,20.612,10363.0
160838,42.66,20.558,10370.0
160849,42.675,20.538,10370.0
160860,42.69,20.515,10370.0
160873,42.704,20.495,10370.0
160885,42.733,20.455,10370.0
160901,42.748,20.433,10363.0
160914,42.764,20.412,10363.0
160931,42.818,20.355,10363.0
160950,42.842,20.33,10363.0
160971,42.886,20.285,10370.0
160998,42.914,20.256,10370.0
161014,42.95,20.219,10370.0
161036,42.976,20.192,10370.0
161057,43.039,20.127,10363.0
161096,43.103,20.06,10363.0
161109,43.119,20.044,10363.0
161138,43.172,19.988,10355.0
161165,43.222,19.936,10355.0
161194,43.277,19.879,10355.0
161207,43.29,19.865,10355.0
161224,43.328,19.826,10363.0
161243,43.35,19.802,10363.0
161256,43.367,19.784,10370.0
161277,43.429,19.719,10370.0
161291,43.445,19.702,10370.0
161312,43.481,19.664,10370.0
161326,43.496,19.648,10370.0
161347,43.548,19.594,10363.0
161363,43.576,19.563,10370.0
161397,43.621,19.516,10363.0
161421,43.662,19.473,10363.0
161441,43.726,19.404,10355.0
161463,43.753,19.375,10355.0
161479,43.77,19.357,10355.0
161497,43.811,19.314,10355.0
161514,43.827,19.296,10355.0
161530,43.857,19.264,10363.0
161540,43.892,19.226,10370.0
161555,43.914,19.203,10378.0
161577,43.953,19.161,10370.0
161591,43.973,19.139,10363.0
161604,44.003,19.106,10363.0
161619,44.023,19.085,10363.0
161631,44.038,19.069,10363.0
161640,44.065,19.04,10370.0
161652,44.079,19.025,10363.0
161666,44.094,19.008,10370.0
161681,44.144,18.954,10363.0
161697,44.161,18.935,10363.0
161704,44.175,18.92,10363.0
161719,44.192,18.901,10363.0
161733,44.224,18.867,10363.0
161754,44.245,18.844,10363.0
161765,44.298,18.786,10355.0
161777,44.312,18.771,10355.0
161788,44.326,18.755,10355.0
161806,44.362,18.716,10363.0
161820,44.376,18.701,10363.0
161836,44.393,18.682,10363.0
161850,44.446,18.623,10370.0
161866,44.461,18.607,10378.0
161881,44.481,18.585,10378.0
161899,44.508,18.555,10378.0
161911,44.543,18.516,10393.0
161925,44.572,18.485,10485.0
161938,44.586,18.469,10553.0
161950,44.602,18.451,10614.0
161962,44.633,18.417,10668.0
161975,44.647,18.401,10690.0
161987,44.661,18.385,10713.0
162006,44.702,18.339,10751.0
162026,44.723,18.316,10812.0
162040,44.761,18.275,10942.0
162053,44.789,18.243,10972.0
162068,44.805,18.225,10980.0
162084,44.825,18.203,10980.0
162094,44.872,18.15,10972.0
162105,44.885,18.135,10972.0
162117,44.899,18.12,10972.0
162127,44.912,18.104,10972.0
162144,44.947,18.065,10972.0
162156,44.962,18.049,10972.0
162170,44.974,18.035,10972.0
162181,45.002,18.003,10972.0
162194,45.016,17.987,10972.0
162212,45.036,17.964,10972.0
162232,45.097,17.894,10980.0
162242,45.11,17.878,10980.0
162254,45.124,17.861,10980.0
162266,45.149,17.829,10980.0
162279,45.162,17.813,10980.0
162291,45.175,17.797,10980.0
162305,45.194,17.772,10980.0
162315,45.221,17.74,10980.0
162326,45.234,17.723,10980.0
162338,45.247,17.707,10980.0
162355,45.279,17.667,10972.0
162367,45.293,17.65,10972.0
162382,45.325,17.611,10972.0
162394,45.351,17.578,10972.0
162408,45.367,17.559,10965.0
162425,45.387,17.534,10965.0
162447,45.425,17.486,10965.0
162457,45.439,17.47,10965.0
162471,45.471,17.43,10972.0
162485,45.507,17.385,10972.0
162500,45.523,17.365,10972.0
162511,45.538,17.346,10972.0
162523,45.562,17.315,10972.0
162535,45.575,17.3,10972.0
162544,45.598,17.271,10972.0
162560,45.616,17.248,10965.0
162573,45.636,17.223,10965.0
162581,45.649,17.206,10965.0
162597,45.684,17.163,10965.0
162612,45.701,17.142,10965.0
162625,45.717,17.122,10957.0
162637,45.746,17.085,10957.0
162651,45.763,17.063,10957.0
162662,45.775,17.048,10957.0
162671,45.789,17.031,10965.0
162687,45.826,16.984,10972.0
162704,45.842,16.963,10972.0
162722,45.899,16.891,10980.0
162731,45.909,16.878,10980.0
162743,45.922,16.862,10980.0
162758,45.954,16.82,10980.0
162769,45.967,16.803,10980.0
162780,45.981,16.786,10980.0
162796,46.011,16.748,10972.0
162805,46.024,16.731,10972.0
162828,46.068,16.674,10980.0
162839,46.082,16.656,10980.0
162851,46.095,16.64,10980.0
162866,46.131,16.594,10988.0
162880,46.146,16.574,10988.0
162897,46.175,16.538,10988.0
162907,46.2,16.511,10980.0
162919,46.213,16.497,10980.0
162930,46.227,16.481,10980.0
162946,46.262,16.444,10965.0
162957,46.276,16.428,10957.0
162977,46.31,16.389,10957.0
162988,46.342,16.354,10957.0
162997,46.352,16.343,10957.0
163009,46.365,16.328,10957.0
163026,46.404,16.285,10972.0
163038,46.417,16.269,10972.0
163052,46.438,16.245,10972.0
163065,46.472,16.206,10972.0
163077,46.487,16.189,10972.0
163096,46.514,16.158,10972.0
163110,46.549,16.118,10972.0
163121,46.563,16.102,10972.0
163134,46.584,16.078,10972.0
163145,46.615,16.042,10972.0
163156,46.629,16.027,10972.0
163169,46.646,16.007,10980.0
163187,46.679,15.969,10980.0
163202,46.702,15.943,10988.0
163218,46.726,15.915,10980.0
163232,46.759,15.877,10988.0
163242,46.773,15.861,10988.0
163254,46.787,15.845,10980.0
163279,46.837,15.787,10980.0
163292,46.854,15.767,10980.0
163310,46.894,15.721,10965.0
163323,46.907,15.705,10965.0
163343,46.951,15.655,10965.0
163354,46.965,15.639,10965.0
163365,46.978,15.623,10965.0
163385,47.019,15.575,10965.0
163399,47.036,15.556,10965.0
163411,47.049,15.54,10965.0
163428,47.083,15.5,10965.0
163438,47.097,15.484,10965.0
163457,47.126,15.449,10957.0
163475,47.164,15.405,10965.0
163499,47.212,15.348,10965.0
163509,47.224,15.335,10972.0
163523,47.24,15.315,10972.0
163532,47.256,15.297,10972.0
163542,47.284,15.263,10988.0
163554,47.298,15.246,10988.0
163566,47.318,15.223,10980.0
163576,47.332,15.207,10980.0
163589,47.365,15.167,10980.0
163602,47.378,15.151,10972.0
163610,47.39,15.138,10972.0
163622,47.42,15.101,10980.0
163633,47.435,15.083,10980.0
163648,47.447,15.07,10980.0
163664,47.484,15.025,10965.0
163675,47.497,15.01,10965.0
163686,47.508,14.996,10965.0
163695,47.537,14.962,10957.0
163706,47.55,14.946,10965.0
163716,47.563,14.93,10965.0
163733,47.593,14.894,10972.0
163749,47.613,14.871,10972.0
163770,47.654,14.82,10972.0
163791,47.681,14.788,10980.0
163812,47.717,14.743,10965.0
163827,47.738,14.71,10965.0
163841,47.766,14.665,10965.0
163858,47.778,14.647,10965.0
163869,47.788,14.631,10965.0
163886,47.825,14.574,10965.0
163897,47.836,14.556,10965.0
163923,47.873,14.499,10972.0
163932,47.885,14.48,10972.0
163946,47.9,14.456,10972.0
163967,47.934,14.404,10972.0
163986,47.982,14.327,10980.0
163995,47.989,14.316,10980.0
164006,47.999,14.301,10980.0
164024,48.036,14.242,10988.0
164036,48.045,14.228,10988.0
164051,48.076,14.179,10988.0
164060,48.085,14.164,10988.0
164073,48.099,14.143,10988.0
164088,48.124,14.104,10980.0
164097,48.136,14.085,10980.0
164105,48.144,14.071,10980.0
164123,48.181,14.013,10972.0
164135,48.192,13.995,10980.0
164146,48.202,13.979,10972.0
164155,48.215,13.959,10965.0
164169,48.243,13.913,10965.0
164181,48.253,13.897,10965.0
164192,48.268,13.873,10965.0
164213,48.298,13.825,10965.0
164223,48.313,13.801,10965.0
164238,48.327,13.779,10965.0
164256,48.366,13.716,10965.0
164273,48.375,13.702,10972.0
164291,48.413,13.64,10972.0
164311,48.433,13.608,10965.0
164324,48.459,13.565,10965.0
164337,48.472,13.545,10972.0
164344,48.481,13.53,10972.0
164368,48.515,13.475,10972.0
164377,48.533,13.446,10980.0
164392,48.55,13.419,10980.0
164407,48.58,13.369,10980.0
164420,48.591,13.351,10980.0
164432,48.605,13.328,10972.0
164447,48.633,13.282,10972.0
164459,48.644,13.263,10972.0
164474,48.668,13.224,10972.0
164486,48.683,13.2,10972.0
164495,48.697,13.177,10972.0
164508,48.713,13.15,10965.0
164526,48.748,13.094,10957.0
164542,48.764,13.066,10957.0
164551,48.773,13.052,10957.0
164569,48.805,12.999,10965.0
164582,48.821,12.973,10957.0
164596,48.832,12.955,10957.0
164605,48.86,12.907,10965.0
164623,48.877,12.879,10980.0
164640,48.897,12.847,10988.0
164651,48.922,12.805,10988.0
164663,48.935,12.784,10988.0
164682,48.954,12.75,10995.0
164701,48.987,12.695,10980.0
164709,48.995,12.683,10980.0
164721,49.01,12.657,10980.0
164732,49.035,12.616,10980.0
164744,49.045,12.598,10972.0
164765,49.082,12.535,10972.0
164779,49.094,12.516,10972.0
164798,49.127,12.459,10972.0
164810,49.138,12.441,10972.0
164820,49.149,12.423,10980.0
164837,49.176,12.376,10980.0
164845,49.185,12.362,10980.0
164860,49.201,12.335,10972.0
164879,49.227,12.274,10965.0
164894,49.238,12.243,10965.0
164911,49.259,12.178,10972.0
164921,49.265,12.163,10980.0
164943,49.289,12.092,10972.0
164957,49.299,12.063,10972.0
164978,49.323,11.993,10972.0
164994,49.333,11.964,10972.0
165007,49.344,11.931,10972.0
165019,49.357,11.892,10972.0
165035,49.369,11.858,10965.0
165049,49.388,11.802,10965.0
165072,49.406,11.749,10965.0
165081,49.422,11.7,10980.0
165091,49.432,11.671,10980.0
165102,49.441,11.644,10988.0
165110,49.447,11.627,10988.0
165121,49.457,11.599,10988.0
165131,49.464,11.577,10988.0
165140,49.471,11.554,10988.0
165149,49.481,11.525,10988.0
165160,49.49,11.497,10988.0
165173,49.501,11.466,10980.0
165180,49.514,11.426,10972.0
165192,49.523,11.4,10965.0
165203,49.53,11.378,10965.0
165209,49.536,11.36,10957.0
165228,49.551,11.315,10957.0
165244,49.576,11.241,10957.0
165255,49.584,11.217,10965.0
165269,49.595,11.184,10972.0
165279,49.602,11.161,10965.0
165289,49.609,11.139,10965.0
165304,49.623,11.096,10972.0
165318,49.635,11.061,10972.0
165330,49.652,11.011,10965.0
165347,49.666,10.967,10972.0
165362,49.677,10.932,10965.0
165372,49.685,10.91,10965.0
165382,49.695,10.879,10972.0
165392,49.708,10.839,10972.0
165401,49.716,10.814,10972.0
165410,49.72,10.8,10980.0
165422,49.732,10.764,10980.0
165431,49.741,10.736,10980.0
165441,49.749,10.712,10980.0
165453,49.76,10.678,10980.0
165462,49.769,10.651,10972.0
165475,49.78,10.616,10972.0
165486,49.793,10.577,10965.0
165497,49.8,10.556,10965.0
165508,49.814,10.511,10965.0
165524,49.826,10.475,10965.0
165543,49.847,10.408,10972.0
165554,49.856,10.381,10972.0
165564,49.863,10.359,10980.0
165579,49.875,10.32,10972.0
165589,49.882,10.298,10972.0
165608,49.905,10.226,10972.0
165616,49.91,10.21,10972.0
165634,49.925,10.165,10972.0
165650,49.935,10.132,10972.0
165671,49.958,10.059,10972.0
165680,49.964,10.042,10972.0
165690,49.97,10.02,10972.0
165701,49.981,9.987,10972.0
165711,49.993,9.949,10965.0
165719,50.0,9.927,10965.0
165737,50.012,9.888,10957.0
165746,50.02,9.86,10957.0
165757,50.029,9.833,10957.0
165764,50.034,9.816,10957.0
165774,50.051,9.761,10972.0
165786,50.062,9.727,10972.0
165796,50.071,9.699,10972.0
165804,50.075,9.684,10972.0
165817,50.086,9.65,10972.0
165824,50.092,9.632,10972.0
165836,50.101,9.604,10972.0
165847,50.108,9.58,10972.0
165857,50.116,9.553,10972.0
165867,50.127,9.519,10972.0
165874,50.132,9.502,10972.0
165886,50.141,9.473,10980.0
165898,50.159,9.416,10972.0
165909,50.167,9.388,10972.0
165920,50.174,9.366,10972.0
165938,50.186,9.327,10972.0
165947,50.199,9.286,10972.0
165959,50.207,9.259,10972.0
165974,50.217,9.225,10965.0
165988,50.235,9.167,10965.0
166000,50.243,9.141,10965.0
166011,50.25,9.117,10965.0
166024,50.263,9.075,10957.0
166035,50.271,9.048,10965.0
166051,50.285,9.001,10965.0
166070,50.306,8.932,10980.0
166080,50.317,8.898,10988.0
166094,50.327,8.864,10988.0
166107,50.337,8.83,10988.0
166116,50.346,8.801,10988.0
166126,50.354,8.773,10980.0
166135,50.361,8.75,10980.0
166146,50.372,8.714,10980.0
166155,50.378,8.691,10988.0
166166,50.387,8.662,10980.0
166175,50.397,8.628,10980.0
166187,50.408,8.593,10972.0
166202,50.418,8.559,10965.0
166212,50.428,8.525,10972.0
166221,50.435,8.502,10972.0
166231,50.44,8.484,10972.0
166243,50.448,8.457,10972.0
166253,50.457,8.428,10972.0
166268,50.473,8.371,10972.0
166278,50.48,8.348,10972.0
166289,50.489,8.319,10965.0
166304,50.503,8.275,10965.0
166319,50.514,8.241,10972.0
166338,50.539,8.167,10965.0
166349,50.55,8.135,10965.0
166365,50.563,8.096,10988.0
166374,50.571,8.072,10972.0
166384,50.58,8.044,10972.0
166394,50.589,8.016,10972.0
166405,50.598,7.989,10980.0
166419,50.61,7.951,10972.0
166434,50.624,7.907,10972.0
166444,50.635,7.876,10965.0
166459,50.651,7.825,10972.0
166480,50.671,7.766,10972.0
166500,50.689,7.71,10972.0
166515,50.701,7.671,10965.0
166527,50.712,7.638,10965.0
166535,50.719,7.616,10965.0
166544,50.727,7.593,10965.0
166562,50.739,7.554,10957.0
166569,50.745,7.535,10957.0
166587,50.762,7.484,10965.0
166602,50.775,7.443,10965.0
166612,50.783,7.418,10965.0
166620,50.793,7.387,10965.0
166629,50.8,7.365,10965.0
166642,50.809,7.337,10972.0
166649,50.818,7.309,10972.0
166662,50.83,7.269,10980.0
166673,50.837,7.249,10980.0
166680,50.844,7.227,10972.0
166692,50.856,7.187,10972.0
166703,50.866,7.157,10972.0
166715,50.875,7.128,10972.0
166729,50.886,7.092,10980.0
166745,50.904,7.034,10980.0
166755,50.914,7.005,10972.0
166767,50.929,6.957,10972.0
166776,50.936,6.935,10965.0
166800,50.956,6.869,10965.0
166815,50.968,6.832,10965.0
166826,50.975,6.809,10972.0
166837,50.983,6.784,10980.0
166846,50.99,6.759,10980.0
166857,50.998,6.736,10980.0
166867,51.015,6.679,10980.0
166876,51.023,6.655,10980.0
166888,51.032,6.626,10972.0
166898,51.038,6.607,10972.0
166907,51.045,6.584,10972.0
166917,51.051,6.562,10980.0
166927,51.062,6.528,10980.0
166936,51.069,6.505,10972.0
166948,51.076,6.483,10972.0
166958,51.094,6.424,10965.0
166967,51.101,6.402,10965.0
166977,51.109,6.374,10965.0
166989,51.119,6.34,10965.0
167004,51.133,6.293,10965.0
167018,51.144,6.254,10972.0
167029,51.151,6.226,10972.0
167045,51.166,6.172,10972.0
167058,51.175,6.14,10972.0
167069,51.183,6.115,10980.0
167079,51.192,6.083,10972.0
167092,51.203,6.041,10972.0
167105,51.215,6.001,10972.0
167121,51.227,5.956,10965.0
167134,51.238,5.919,10957.0
167146,51.247,5.887,10957.0
167155,51.255,5.859,10965.0
167171,51.267,5.816,10972.0
167181,51.272,5.796,10972.0
167195,51.284,5.756,10972.0
167204,51.292,5.727,10980.0
167215,51.299,5.699,10980.0
167226,51.309,5.665,10980.0
167236,51.318,5.633,10980.0
167244,51.323,5.613,10980.0
167261,51.336,5.567,10980.0
167280,51.356,5.496,10972.0
167293,51.365,5.462,10972.0
167301,51.371,5.439,10972.0
167312,51.38,5.406,10972.0
167321,51.385,5.389,10972.0
167334,51.395,5.354,10972.0
167355,51.401,5.33,10972.0
167366,51.414,5.284,10972.0
167381,51.423,5.25,10972.0
167395,51.436,5.204,10972.0
167409,51.449,5.154,10972.0
167419,51.455,5.131,10980.0
167429,51.461,5.11,10980.0
167439,51.471,5.074,10980.0
167452,51.48,5.04,10980.0
167465,51.498,4.972,10972.0
167480,51.509,4.933,10972.0
167494,51.518,4.899,10972.0
167505,51.526,4.871,10972.0
167519,51.533,4.843,10972.0
167535,51.545,4.798,10972.0
167545,51.552,4.771,10972.0
167557,51.56,4.742,10972.0
167566,51.568,4.714,10972.0
167582,51.582,4.659,10972.0
167593,51.593,4.619,10972.0
167602,51.6,4.591,10972.0
167612,51.607,4.564,10972.0
167623,51.616,4.53,10972.0
167632,51.622,4.509,10972.0
167641,51.63,4.48,10980.0
167653,51.638,4.448,10980.0
167663,51.645,4.42,10980.0
167673,51.653,4.392,10972.0
167683,51.66,4.365,10972.0
167693,51.666,4.343,10972.0
167703,51.674,4.309,10972.0
167718,51.684,4.271,10965.0
167727,51.691,4.245,10965.0
167739,51.7,4.212,10965.0
167755,51.709,4.172,10965.0
167769,51.715,4.124,10965.0
167784,51.719,4.082,10965.0
167795,51.723,4.053,10965.0
167804,51.726,4.025,10965.0
167818,51.73,3.986,10965.0
167829,51.735,3.945,10911.0
167841,51.739,3.908,10858.0
167851,51.743,3.878,10797.0
167865,51.747,3.836,10622.0
167881,51.753,3.788,10332.0
167901,51.759,3.727,9951.0
167909,51.762,3.703,9806.0
167920,51.766,3.672,9639.0
167929,51.769,3.641,9494.0
167946,51.774,3.593,9304.0
167956,51.778,3.566,9204.0
167965,51.782,3.53,9060.0
167976,51.785,3.498,8938.0
167984,51.788,3.473,8846.0
168001,51.794,3.415,8732.0
168013,51.798,3.378,8663.0
168021,51.801,3.351,8610.0
168031,51.805,3.318,8564.0
168043,51.809,3.278,8511.0
168051,51.812,3.253,8481.0
168061,51.815,3.221,8427.0
168072,51.819,3.186,8374.0
168083,51.823,3.148,8321.0
168092,51.826,3.116,8267.0
168102,51.83,3.083,8214.0
168113,51.833,3.052,8168.0
168123,51.836,3.019,8107.0
168134,51.84,2.985,8046.0
168149,51.845,2.935,7978.0
168164,51.85,2.888,7901.0
168177,51.853,2.852,7840.0
168189,51.857,2.819,7787.0
168207,51.862,2.769,7703.0
168219,51.865,2.738,7650.0
168235,51.869,2.694,7574.0
168245,51.872,2.669,7528.0
168259,51.876,2.632,7459.0
168279,51.881,2.58,7360.0
168295,51.886,2.539,7277.0
168309,51.889,2.503,7208.0
168321,51.892,2.472,7147.0
168335,51.896,2.437,7078.0
168344,51.899,2.41,7025.0
168355,51.901,2.388,6972.0
168366,51.904,2.356,6850.0
168376,51.906,2.329,6736.0
168387,51.906,2.303,6644.0
168397,51.906,2.277,6583.0
168406,51.906,2.254,6522.0
168417,51.905,2.227,6438.0
168426,51.905,2.2,6362.0
168437,51.904,2.176,6294.0
168447,51.905,2.154,6248.0
168455,51.907,2.13,6202.0
168468,51.909,2.1,6141.0
168477,51.911,2.074,6080.0
168487,51.913,2.049,6027.0
168498,51.915,2.024,5981.0
168507,51.916,2.001,5935.0
168515,51.918,1.979,5890.0
168525,51.92,1.956,5844.0
168537,51.922,1.93,5791.0
168547,51.924,1.902,5745.0
168559,51.926,1.874,5692.0
168573,51.929,1.839,5615.0
168583,51.93,1.817,5570.0
168594,51.933,1.786,5501.0
168609,51.935,1.754,5433.0
168623,51.937,1.721,5372.0
168634,51.94,1.693,5311.0
168647,51.942,1.665,5250.0
168660,51.944,1.634,5181.0
168669,51.946,1.613,5135.0
168685,51.948,1.577,5067.0
168695,51.95,1.553,5013.0
168711,51.953,1.516,4937.0
168719,51.954,1.497,4892.0
168735,51.957,1.461,4808.0
168749,51.959,1.428,4739.0
168761,51.961,1.401,4686.0
168775,51.963,1.369,4617.0
168785,51.965,1.35,4572.0
168801,51.967,1.315,4488.0
168809,51.969,1.291,4442.0
168822,51.97,1.265,4381.0
168830,51.972,1.246,4343.0
168841,51.974,1.22,4290.0
168858,51.976,1.186,4213.0
168868,51.978,1.158,4152.0
168877,51.979,1.141,4114.0
168888,51.981,1.113,4053.0
168903,51.983,1.082,3977.0
168911,51.984,1.064,3939.0
168928,51.987,1.029,3863.0
168939,51.988,1.002,3764.0
168951,51.99,0.975,3619.0
168961,51.991,0.953,3512.0
168975,51.994,0.922,3398.0
168985,51.995,0.9,3329.0
168998,51.997,0.875,3208.0
169009,51.999,0.848,3063.0
169025,52.002,0.814,2926.0
169034,52.003,0.796,2872.0
169049,52.006,0.761,2773.0
169059,52.008,0.739,2720.0
169076,52.01,0.704,2636.0
169088,52.012,0.678,2583.0
169099,52.015,0.652,2537.0
169115,52.017,0.617,2491.0
169126,52.019,0.6,2461.0
169137,52.021,0.574,2415.0
169145,52.022,0.558,2400.0
169155,52.025,0.532,2369.0
169167,52.027,0.508,2346.0
169174,52.028,0.492,2324.0
169187,52.031,0.467,2263.0
169195,52.032,0.45,2225.0
169207,52.035,0.426,2164.0
169215,52.037,0.409,2125.0
169227,52.039,0.384,2065.0
169235,52.04,0.368,2026.0
169247,52.04,0.343,1958.0
169256,52.04,0.326,1920.0
169267,52.039,0.3,1859.0
169279,52.038,0.274,1805.0
169291,52.037,0.249,1737.0
169307,52.036,0.216,1676.0
169319,52.035,0.191,1630.0
169331,52.034,0.166,1584.0
169344,52.034,0.141,1531.0
169359,52.031,0.11,1463.0
169375,52.024,0.09,1440.0
169387,52.012,0.067,1440.0
169406,52.0,0.043,1432.0
169414,51.995,0.032,1432.0
169424,51.987,0.016,1417.0
169434,51.981,0.006,1394.0
169450,51.97,-0.017,1333.0
169463,51.963,-0.031,1287.0
169473,51.957,-0.043,1249.0
169485,51.95,-0.057,1196.0
169499,51.944,-0.07,1188.0
169515,51.935,-0.087,1135.0
169527,51.929,-0.1,1074.0
169539,51.924,-0.111,1005.0
169551,51.919,-0.123,975.0
169561,51.916,-0.134,937.0
169571,51.913,-0.147,883.0
169581,51.91,-0.159,830.0
169591,51.908,-0.17,784.0
169599,51.906,-0.18,739.0
169611,51.904,-0.194,693.0
169623,51.902,-0.208,640.0
169636,51.9,-0.221,586.0
169647,51.897,-0.235,533.0
169660,51.895,-0.248,495.0
169671,51.893,-0.26,449.0
169683,51.891,-0.271,396.0
169698,51.889,-0.283,350.0
169718,51.886,-0.301,281.0
169731,51.884,-0.313,236.0
169747,51.881,-0.328,175.0
169765,51.879,-0.342,121.0
169783,51.875,-0.36,60.0
169871,51.874,-0.376,0.0
247150,40.491,-3.577,0.0
247164,40.491,-3.576,502.0
247276,40.492,-3.574,502.0
247286,40.495,-3.574,502.0
247296,40.498,-3.574,502.0
247307,40.502,-3.574,502.0
247317,40.507,-3.574,502.0
247330,40.52,-3.574,647.0
247347,40.54,-3.574,960.0
247354,40.545,-3.574,1028.0
247368,40.553,-3.575,1158.0
247382,40.564,-3.582,1386.0
247393,40.569,-3.588,1463.0
247402,40.573,-3.593,1508.0
247414,40.578,-3.603,1592.0
247427,40.59,-3.621,1752.0
247435,40.595,-3.627,1844.0
247448,40.602,-3.636,2004.0
247457,40.607,-3.642,2110.0
247467,40.619,-3.656,2407.0
247482,40.625,-3.663,2537.0
247497,40.64,-3.676,2827.0
247506,40.663,-3.677,3063.0
247517,40.67,-3.676,3124.0
247529,40.68,-3.674,3192.0
247542,40.692,-3.672,3261.0
247552,40.7,-3.671,3307.0
247567,40.728,-3.666,3459.0
247579,40.737,-3.665,3497.0
247589,40.773,-3.659,3840.0
247604,40.785,-3.657,3962.0
247614,40.811,-3.653,4213.0
247630,40.827,-3.65,4351.0
247641,40.836,-3.649,4427.0
247651,40.848,-3.647,4518.0
247665,40.879,-3.643,4808.0
247675,40.91,-3.639,5120.0
247686,40.922,-3.637,5234.0
247695,40.932,-3.636,5311.0
247712,40.957,-3.633,5478.0
247722,40.967,-3.631,5562.0
247732,40.998,-3.627,5814.0
247747,41.015,-3.624,5928.0
247757,41.028,-3.623,6012.0
247766,41.042,-3.621,6111.0
247777,41.055,-3.619,6202.0
247785,41.063,-3.618,6256.0
247795,41.115,-3.611,6507.0
247807,41.129,-3.612,6606.0
247818,41.142,-3.614,6690.0
247827,41.153,-3.615,6766.0
247841,41.168,-3.617,6880.0
247852,41.202,-3.621,7200.0
247868,41.231,-3.624,7360.0
247884,41.251,-3.626,7429.0
247899,41.272,-3.629,7543.0
247911,41.308,-3.633,7749.0
247925,41.322,-3.634,7833.0
247940,41.345,-3.637,7955.0
247949,41.367,-3.639,8077.0
247973,41.414,-3.644,8328.0
247990,41.432,-3.646,8412.0
248006,41.473,-3.651,8572.0
248025,41.502,-3.654,8702.0
248034,41.532,-3.658,8793.0
248050,41.548,-3.66,8854.0
248060,41.57,-3.662,8938.0
248072,41.601,-3.665,9044.0
248082,41.613,-3.667,9075.0
248090,41.626,-3.668,9105.0
248101,41.645,-3.67,9174.0
248111,41.674,-3.674,9273.0
248122,41.688,-3.675,9326.0
248131,41.707,-3.677,9395.0
248143,41.726,-3.68,9448.0
248158,41.762,-3.684,9555.0
248166,41.772,-3.685,9601.0
248177,41.79,-3.687,9669.0
248192,41.846,-3.693,10020.0
248202,41.858,-3.695,10081.0
248210,41.873,-3.696,10149.0
248227,41.895,-3.699,10241.0
248244,41.946,-3.705,10416.0
248257,41.965,-3.707,10500.0
248269,41.982,-3.709,10576.0
248279,41.997,-3.71,10652.0
248294,42.035,-3.715,10812.0
248308,42.052,-3.716,10881.0
248316,42.065,-3.718,10911.0
248328,42.105,-3.723,11003.0
248345,42.124,-3.725,11041.0
248365,42.174,-3.731,11170.0
248377,42.189,-3.732,11209.0
248391,42.206,-3.734,11247.0
248411,42.256,-3.74,11376.0
248426,42.279,-3.743,11422.0
248437,42.3,-3.745,11475.0
248450,42.325,-3.748,11544.0
248459,42.349,-3.751,11574.0
248471,42.362,-3.752,11582.0
248479,42.375,-3.754,11582.0
248496,42.414,-3.758,11582.0
248507,42.453,-3.763,11582.0
248517,42.469,-3.765,11582.0
248530,42.504,-3.769,11582.0
248543,42.52,-3.77,11582.0
248551,42.531,-3.772,11582.0
248565,42.555,-3.775,11582.0
248575,42.585,-3.778,11582.0
248585,42.597,-3.779,11582.0
248597,42.61,-3.781,11582.0
248613,42.655,-3.786,11582.0
248620,42.664,-3.787,11582.0
248633,42.683,-3.789,11582.0
248643,42.707,-3.792,11582.0
248651,42.727,-3.795,11582.0
248664,42.742,-3.796,11582.0
248683,42.784,-3.801,11582.0
248699,42.824,-3.806,11582.0
248714,42.844,-3.808,11582.0
248726,42.863,-3.811,11582.0
248740,42.901,-3.815,11582.0
248753,42.922,-3.818,11582.0
248766,42.936,-3.819,11582.0
248788,42.994,-3.826,11574.0
248799,43.006,-3.827,11574.0
248816,43.053,-3.833,11582.0
248826,43.069,-3.835,11574.0
248835,43.079,-3.836,11574.0
248844,43.092,-3.838,11574.0
248860,43.131,-3.842,11582.0
248870,43.141,-3.844,11582.0
248882,43.159,-3.846,11582.0
248896,43.222,-3.853,11590.0
248905,43.233,-3.854,11590.0
248915,43.245,-3.856,11590.0
248926,43.26,-3.858,11582.0
248935,43.288,-3.861,11590.0
248947,43.302,-3.863,11590.0
248956,43.315,-3.864,11590.0
248964,43.351,-3.868,11590.0
248977,43.367,-3.87,11590.0
248988,43.383,-3.872,11590.0
249002,43.405,-3.875,11590.0
249014,43.441,-3.879,11590.0
249028,43.46,-3.881,11590.0
249042,43.484,-3.884,11590.0
249052,43.499,-3.886,11590.0
249064,43.535,-3.89,11590.0
249079,43.553,-3.893,11582.0
249093,43.589,-3.897,11582.0
249109,43.615,-3.9,11582.0
249129,43.655,-3.905,11582.0
249144,43.697,-3.91,11574.0
249154,43.713,-3.912,11574.0
249169,43.728,-3.914,11574.0
249181,43.744,-3.916,11574.0
249190,43.774,-3.919,11574.0
249200,43.786,-3.921,11574.0
249212,43.801,-3.923,11574.0
249219,43.836,-3.927,11574.0
249231,43.879,-3.932,11582.0
249247,43.899,-3.934,11574.0
249258,43.91,-3.936,11574.0
249270,43.944,-3.94,11582.0
249291,43.974,-3.944,11582.0
249310,44.019,-3.949,11582.0
249323,44.035,-3.951,11582.0
249332,44.043,-3.952,11582.0
249346,44.086,-3.957,11582.0
249358,44.099,-3.959,11582.0
249371,44.14,-3.964,11582.0
249382,44.156,-3.966,11590.0
249393,44.168,-3.967,11582.0
249407,44.19,-3.97,11582.0
249430,44.244,-3.969,11590.0
249453,44.299,-3.956,11590.0
249468,44.319,-3.952,11590.0
249483,44.343,-3.947,11590.0
249499,44.384,-3.939,11590.0
249511,44.4,-3.935,11590.0
249524,44.422,-3.931,11590.0
249540,44.465,-3.922,11590.0
249551,44.482,-3.918,11582.0
249560,44.496,-3.915,11582.0
249574,44.536,-3.907,11582.0
249586,44.55,-3.904,11582.0
249606,44.606,-3.892,11582.0
249617,44.619,-3.889,11582.0
249627,44.644,-3.884,11582.0
249637,44.663,-3.88,11582.0
249648,44.683,-3.876,11582.0
249656,44.696,-3.873,11582.0
249666,44.711,-3.87,11582.0
249677,44.747,-3.862,11582.0
249689,44.767,-3.858,11582.0
249700,44.785,-3.854,11574.0
249714,44.827,-3.845,11574.0
249729,44.849,-3.84,11574.0
249749,44.902,-3.829,11574.0
249760,44.918,-3.825,11574.0
249783,44.952,-3.818,11574.0
249798,44.996,-3.808,11574.0
249835,45.069,-3.793,11582.0
249845,45.083,-3.79,11582.0
249864,45.135,-3.778,11582.0
249876,45.155,-3.774,11590.0
249886,45.171,-3.77,11582.0
249900,45.195,-3.765,11582.0
249920,45.244,-3.755,11590.0
249949,45.314,-3.739,11597.0
250012,45.419,-3.717,11597.0
250030,45.491,-3.701,11590.0
250079,45.585,-3.68,11582.0
250129,45.681,-3.659,11582.0
250144,45.704,-3.654,11582.0
250213,45.852,-3.621,11574.0
250234,45.907,-3.609,11574.0
250253,45.93,-3.604,11574.0
250268,45.96,-3.597,11574.0
250280,45.985,-3.592,11574.0
250294,46.021,-3.584,11574.0
250312,46.05,-3.577,11574.0
250336,46.112,-3.563,11582.0
250358,46.148,-3.555,11582.0
250384,46.206,-3.542,11582.0
250404,46.243,-3.534,11582.0
250415,46.275,-3.527,11590.0
250424,46.289,-3.524,11590.0
250435,46.305,-3.52,11582.0
250445,46.321,-3.516,11590.0
250503,46.447,-3.487,11582.0
250533,46.52,-3.47,11590.0
250542,46.536,-3.467,11590.0
250555,46.558,-3.462,11590.0
250571,46.595,-3.453,11590.0
250579,46.607,-3.451,11590.0
250593,46.645,-3.442,11590.0
250609,46.67,-3.437,11590.0
250623,46.699,-3.43,11590.0
250632,46.715,-3.426,11590.0
250643,46.734,-3.422,11590.0
250653,46.771,-3.414,11590.0
250663,46.79,-3.41,11590.0
250674,46.811,-3.405,11582.0
250688,46.831,-3.4,11582.0
250700,46.856,-3.394,11582.0
250709,46.89,-3.386,11574.0
250725,46.913,-3.381,11574.0
250744,46.951,-3.372,11574.0
250755,46.967,-3.369,11574.0
250764,46.984,-3.365,11567.0
250774,47.026,-3.355,11574.0
250791,47.06,-3.347,11574.0
250800,47.072,-3.343,11574.0
250809,47.087,-3.337,11574.0
250821,47.106,-3.327,11574.0
250833,47.146,-3.302,11582.0
250845,47.162,-3.292,11582.0
250862,47.193,-3.273,11590.0
250870,47.212,-3.261,11590.0
250880,47.227,-3.252,11590.0
250892,47.27,-3.226,11590.0
250906,47.298,-3.209,11597.0
250915,47.316,-3.198,11597.0
250927,47.338,-3.185,11597.0
250938,47.358,-3.172,11590.0
250946,47.373,-3.163,11590.0
250958,47.399,-3.146,11590.0
250965,47.412,-3.139,11590.0
250983,47.444,-3.118,11582.0
250997,47.465,-3.105,11582.0
251009,47.508,-3.079,11582.0
251024,47.536,-3.062,11574.0
251038,47.561,-3.047,11574.0
251047,47.577,-3.037,11582.0
251058,47.592,-3.027,11574.0
251069,47.613,-3.014,11574.0
251089,47.666,-2.981,11574.0
251100,47.683,-2.97,11574.0
251110,47.7,-2.96,11567.0
251133,47.738,-2.937,11582.0
251148,47.782,-2.909,11574.0
251155,47.795,-2.901,11574.0
251165,47.812,-2.89,11582.0
251181,47.853,-2.864,11582.0
251195,47.876,-2.849,11590.0
251216,47.919,-2.822,11590.0
251228,47.939,-2.81,11590.0
251237,47.975,-2.787,11590.0
251246,47.992,-2.776,11590.0
251259,48.01,-2.765,11590.0
251271,48.033,-2.751,11590.0
251283,48.052,-2.738,11590.0
251296,48.091,-2.714,11590.0
251311,48.117,-2.698,11590.0
251321,48.131,-2.688,11590.0
251336,48.16,-2.67,11590.0
251361,48.228,-2.626,11582.0
251378,48.261,-2.605,11582.0
251391,48.276,-2.595,11582.0
251401,48.292,-2.585,11582.0
251421,48.349,-2.548,11582.0
251435,48.372,-2.534,11582.0
251445,48.39,-2.522,11582.0
251456,48.419,-2.504,11582.0
251469,48.435,-2.493,11582.0
251485,48.473,-2.469,11582.0
251496,48.496,-2.454,11582.0
251505,48.509,-2.446,11582.0
251519,48.556,-2.415,11582.0
251535,48.578,-2.401,11582.0
251546,48.597,-2.389,11582.0
251556,48.624,-2.371,11582.0
251567,48.647,-2.356,11582.0
251583,48.675,-2.338,11582.0
251600,48.724,-2.306,11582.0
251618,48.759,-2.284,11582.0
251626,48.771,-2.276,11582.0
251641,48.796,-2.259,11582.0
251650,48.82,-2.244,11574.0
251659,48.835,-2.234,11574.0
251676,48.869,-2.211,11574.0
251685,48.886,-2.2,11574.0
251698,48.917,-2.18,11513.0
251714,48.945,-2.162,11452.0
251730,48.992,-2.13,11338.0
251746,49.015,-2.116,11285.0
251756,49.033,-2.104,11239.0
251765,49.051,-2.091,11193.0
251775,49.091,-2.065,11102.0
251784,49.108,-2.054,11064.0
251799,49.134,-2.037,11003.0
251812,49.153,-2.024,10957.0
251828,49.192,-1.997,10866.0
251839,49.207,-1.987,10828.0
251850,49.233,-1.969,10767.0
251869,49.275,-1.941,10660.0
251885,49.3,-1.925,10591.0
251904,49.352,-1.89,10469.0
251919,49.378,-1.873,10408.0
251944,49.438,-1.833,10279.0
251962,49.467,-1.814,10218.0
251969,49.483,-1.803,10172.0
251981,49.505,-1.788,10111.0
251999,49.542,-1.761,10066.0
252017,49.596,-1.719,10043.0
252028,49.618,-1.702,9989.0
252037,49.631,-1.691,9944.0
252046,49.647,-1.678,9867.0
252061,49.686,-1.648,9646.0
252075,49.711,-1.628,9502.0
252089,49.731,-1.612,9387.0
252106,49.783,-1.572,9113.0
252114,49.799,-1.559,9022.0
252126,49.816,-1.547,8930.0
252139,49.841,-1.528,8778.0
252151,49.881,-1.497,8549.0
252166,49.906,-1.478,8412.0
252175,49.921,-1.466,8321.0
252184,49.938,-1.452,8244.0
252197,49.962,-1.434,8183.0
252207,49.981,-1.418,8138.0
252214,49.992,-1.409,8100.0
252228,50.015,-1.391,7924.0
252238,50.053,-1.361,7627.0
252253,50.077,-1.343,7467.0
252269,50.103,-1.322,7307.0
252283,50.127,-1.304,7170.0
252298,50.153,-1.283,7018.0
252311,50.191,-1.253,6835.0
252321,50.206,-1.241,6789.0
252333,50.227,-1.224,6682.0
252344,50.242,-1.213,6583.0
252357,50.264,-1.195,6431.0
252368,50.284,-1.179,6324.0
252382,50.305,-1.163,6217.0
252392,50.34,-1.135,6035.0
252403,50.356,-1.123,5966.0
252422,50.384,-1.1,5821.0
252432,50.397,-1.09,5745.0
252442,50.412,-1.078,5669.0
252455,50.454,-1.044,5433.0
252470,50.469,-1.033,5356.0
252480,50.485,-1.019,5280.0
252492,50.502,-1.005,5196.0
252503,50.517,-0.992,5105.0
252514,50.546,-0.969,4922.0
252528,50.565,-0.954,4831.0
252540,50.583,-0.939,4739.0
252554,50.6,-0.925,4632.0
252565,50.628,-0.903,4442.0
252578,50.65,-0.886,4351.0
252596,50.674,-0.866,4244.0
252605,50.691,-0.852,4183.0
252619,50.713,-0.834,4084.0
252637,50.741,-0.812,3962.0
252646,50.754,-0.802,3924.0
252657,50.772,-0.786,3863.0
252666,50.784,-0.776,3825.0
252681,50.803,-0.751,3749.0
252698,50.818,-0.706,3649.0
252704,50.82,-0.684,3619.0
252716,50.823,-0.661,3581.0
252729,50.829,-0.609,3489.0
252743,50.833,-0.572,3421.0
252754,50.836,-0.541,3360.0
252769,50.84,-0.508,3299.0
252784,50.844,-0.47,3223.0
252794,50.847,-0.442,3169.0
252808,50.854,-0.387,3070.0
252819,50.86,-0.357,3009.0
252834,50.873,-0.324,2941.0
252845,50.881,-0.307,2903.0
252858,50.894,-0.283,2819.0
252869,50.906,-0.259,2712.0
252884,50.921,-0.23,2644.0
252895,50.933,-0.209,2606.0
252910,50.947,-0.182,2552.0
252924,50.959,-0.16,2400.0
252935,50.978,-0.125,2202.0
252948,50.99,-0.101,2049.0
252957,50.998,-0.085,1988.0
252967,51.006,-0.068,1950.0
252980,51.017,-0.045,1905.0
252994,51.032,-0.011,1851.0
253012,51.047,0.02,1790.0
253024,51.057,0.042,1714.0
253037,51.067,0.063,1630.0
253052,51.077,0.084,1562.0
253064,51.087,0.104,1516.0
253074,51.096,0.117,1478.0
253088,51.109,0.126,1432.0
253098,51.122,0.125,1402.0
253110,51.137,0.122,1363.0
253125,51.151,0.12,1325.0
253139,51.162,0.116,1280.0
253151,51.17,0.105,1234.0
253162,51.174,0.093,1196.0
253172,51.179,0.08,1158.0
253182,51.181,0.066,1112.0
253192,51.18,0.053,1066.0
253208,51.179,0.037,990.0
253224,51.176,0.018,891.0
253236,51.174,0.003,807.0
253249,51.173,-0.007,754.0
253268,51.17,-0.028,670.0
253280,51.168,-0.039,624.0
253291,51.167,-0.051,586.0
253320,51.164,-0.072,502.0
253337,51.162,-0.084,457.0
253375,51.157,-0.12,312.0
253403,51.155,-0.139,243.0
253417,51.153,-0.152,190.0
253431,51.15,-0.17,121.0
253452,51.149,-0.184,0.0
300122,55.968,37.409,0.0
300133,55.968,37.41,121.0
300149,55.968,37.412,0.0
300205,55.97,37.421,121.0
300512,55.973,37.412,137.0
300528,55.97,37.393,236.0
300547,55.969,37.383,365.0
300569,55.966,37.353,739.0
300591,55.966,37.33,891.0
300611,55.965,37.299,1135.0
300624,55.964,37.273,1219.0
300635,55.963,37.254,1287.0
300650,55.962,37.228,1379.0
300664,55.962,37.204,1463.0
300680,55.963,37.177,1615.0
300694,55.963,37.149,1836.0
300714,55.963,37.111,2141.0
300730,55.963,37.079,2278.0
300739,55.963,37.06,2331.0
300751,55.963,37.037,2392.0
300770,55.965,36.991,2514.0
300779,55.967,36.971,2560.0
300790,55.97,36.942,2628.0
300802,55.973,36.911,2689.0
300817,55.976,36.872,2766.0
300824,55.978,36.85,2811.0
300839,55.982,36.809,2880.0
300862,55.988,36.737,3093.0
300872,55.991,36.707,3238.0
300883,55.995,36.677,3375.0
300893,55.999,36.653,3482.0
300902,56.002,36.63,3627.0
300914,56.006,36.596,3855.0
300929,56.011,36.556,4091.0
300944,56.017,36.509,4305.0
300958,56.022,36.469,4564.0
300969,56.025,36.442,4770.0
300982,56.03,36.401,4998.0
300994,56.035,36.366,5113.0
301010,56.04,36.321,5257.0
301020,56.044,36.293,5356.0
301039,56.051,36.237,5539.0
301059,56.058,36.179,5783.0
301069,56.061,36.149,5890.0
301080,56.065,36.115,6004.0
301090,56.069,36.086,6088.0
301100,56.072,36.056,6179.0
301111,56.076,36.026,6263.0
301119,56.079,36.002,6332.0
301130,56.082,35.973,6423.0
301141,56.087,35.937,6537.0
301151,56.091,35.9,6637.0
301161,56.094,35.878,6697.0
301170,56.097,35.851,6781.0
301180,56.1,35.82,6880.0
301190,56.104,35.784,6972.0
301201,56.108,35.754,7048.0
301212,56.112,35.722,7147.0
301221,56.116,35.69,7246.0
301232,56.119,35.662,7322.0
301242,56.123,35.628,7421.0
301252,56.126,35.6,7498.0
301263,56.131,35.558,7597.0
301270,56.133,35.538,7635.0
301283,56.137,35.502,7711.0
301294,56.142,35.461,7787.0
301309,56.147,35.413,7894.0
301322,56.153,35.362,8008.0
301332,56.156,35.333,8077.0
301349,56.162,35.283,8183.0
301369,56.17,35.216,8328.0
301379,56.173,35.182,8404.0
301394,56.178,35.138,8503.0
301414,56.186,35.061,8648.0
301424,56.191,35.017,8724.0
301435,56.194,34.985,8785.0
301445,56.198,34.951,8854.0
301454,56.201,34.915,8930.0
301470,56.206,34.866,9029.0
301479,56.209,34.838,9083.0
301496,56.216,34.778,9189.0
301509,56.221,34.728,9281.0
301519,56.224,34.702,9326.0
301531,56.228,34.667,9387.0
301540,56.232,34.631,9456.0
301549,56.235,34.603,9509.0
301560,56.238,34.571,9570.0
301570,56.242,34.535,9631.0
301585,56.247,34.484,9730.0
301599,56.253,34.433,9822.0
301615,56.26,34.37,9936.0
301631,56.266,34.304,10058.0
301645,56.272,34.247,10165.0
301659,56.276,34.207,10241.0
301677,56.282,34.149,10347.0
301690,56.286,34.108,10431.0
301700,56.29,34.076,10485.0
301717,56.296,34.017,10576.0
301731,56.301,33.963,10637.0
301749,56.307,33.904,10690.0
301763,56.312,33.848,10728.0
301774,56.316,33.809,10759.0
301788,56.322,33.754,10805.0
301803,56.327,33.698,10843.0
301813,56.33,33.663,10873.0
301828,56.336,33.608,10911.0
301839,56.34,33.567,10934.0
301854,56.344,33.516,10965.0
301864,56.347,33.488,10965.0
301875,56.35,33.457,10972.0
301889,56.355,33.404,10972.0
301899,56.359,33.364,10972.0
301911,56.363,33.318,10972.0
301921,56.367,33.282,10972.0
301929,56.369,33.253,10972.0
301945,56.374,33.198,10972.0
301956,56.378,33.163,10972.0
301965,56.381,33.126,10972.0
301976,56.385,33.091,10972.0
301987,56.388,33.052,10972.0
301997,56.391,33.018,10972.0
302006,56.394,32.988,10972.0
302017,56.398,32.944,10972.0
302024,56.4,32.92,10972.0
302042,56.406,32.856,10972.0
302052,56.409,32.822,10972.0
302061,56.412,32.79,10972.0
302071,56.414,32.763,10972.0
302081,56.418,32.724,10972.0
302092,56.421,32.687,10972.0
302104,56.425,32.645,10972.0
302120,56.43,32.584,10972.0
302137,56.435,32.524,10972.0
302151,56.44,32.47,10980.0
302161,56.442,32.448,10980.0
302174,56.443,32.433,10972.0
302189,56.453,32.315,10972.0
302203,56.457,32.267,10972.0
302218,56.461,32.231,10972.0
302229,56.464,32.195,10972.0
302243,56.47,32.117,10972.0
302260,56.475,32.064,10972.0
302275,56.479,32.014,10972.0
302289,56.482,31.973,10972.0
302300,56.485,31.935,10965.0
302315,56.493,31.842,10965.0
302328,56.497,31.795,10965.0
302339,56.499,31.764,10965.0
302350,56.502,31.726,10972.0
302361,56.505,31.689,10972.0
302371,56.508,31.658,10972.0
302381,56.511,31.62,10972.0
302398,56.515,31.571,10972.0
302410,56.518,31.534,10972.0
302421,56.523,31.458,10965.0
302435,56.527,31.411,10972.0
302448,56.53,31.369,10972.0
302461,56.534,31.326,10972.0
302475,56.538,31.277,10972.0
302484,56.54,31.244,10972.0
302496,56.542,31.214,10972.0
302505,56.544,31.185,10972.0
302523,56.549,31.127,10965.0
302537,56.554,31.056,10972.0
302546,56.556,31.029,10972.0
302555,56.557,31.015,10972.0
302569,56.564,30.923,10972.0
302579,56.566,30.898,10972.0
302594,56.57,30.85,10980.0
302604,56.572,30.814,10980.0
302619,56.576,30.762,10980.0
302634,56.58,30.715,10980.0
302645,56.582,30.682,10980.0
302655,56.584,30.652,10980.0
302664,56.586,30.621,10980.0
302676,56.589,30.583,10980.0
302685,56.593,30.525,10980.0
302696,56.595,30.498,10980.0
302707,56.597,30.468,10980.0
302716,56.599,30.439,10980.0
302732,56.603,30.386,10980.0
302741,56.609,30.294,10980.0
302750,56.612,30.261,10980.0
302763,56.614,30.223,10980.0
302772,56.616,30.197,10972.0
302782,56.618,30.165,10972.0
302794,56.621,30.129,10972.0
302808,56.624,30.074,10972.0
302818,56.626,30.045,10972.0
302829,56.63,29.989,10972.0
302845,56.633,29.943,10972.0
302857,56.638,29.863,10965.0
302869,56.641,29.828,10965.0
302884,56.643,29.786,10965.0
302895,56.645,29.755,10965.0
302906,56.649,29.694,10965.0
302925,56.653,29.637,10965.0
302944,56.657,29.576,10965.0
302956,56.659,29.543,10965.0
302970,56.662,29.489,10972.0
302979,56.666,29.43,10972.0
302991,56.668,29.395,10972.0
303001,56.67,29.369,10972.0
303011,56.672,29.335,10972.0
303021,56.673,29.311,10972.0
303036,56.677,29.255,10972.0
303044,56.678,29.225,10980.0
303062,56.683,29.142,10980.0
303073,56.686,29.102,10980.0
303085,56.688,29.069,10980.0
303097,56.69,29.033,10980.0
303107,56.692,29.004,10980.0
303121,56.694,28.955,10980.0
303132,56.7,28.857,10972.0
303142,56.702,28.828,10972.0
303150,56.703,28.805,10972.0
303163,56.705,28.769,10972.0
303178,56.708,28.725,10972.0
303194,56.71,28.677,10972.0
303214,56.713,28.626,10965.0
303239,56.722,28.47,10965.0
303253,56.724,28.427,10965.0
303260,56.725,28.404,10965.0
303284,56.729,28.329,10972.0
303294,56.731,28.296,10972.0
303309,56.734,28.236,10972.0
303320,56.736,28.2,10972.0
303330,56.738,28.171,10972.0
303340,56.739,28.143,10972.0
303351,56.742,28.093,10972.0
303359,56.743,28.062,10972.0
303380,56.746,28.003,10980.0
303396,56.749,27.944,10980.0
303411,56.752,27.893,10980.0
303425,56.755,27.836,10980.0
303437,56.757,27.797,10980.0
303446,56.758,27.768,10980.0
303465,56.765,27.631,10980.0
303475,56.767,27.61,10980.0
303484,56.768,27.586,10972.0
303495,56.769,27.56,10972.0
303509,56.771,27.523,10972.0
303528,56.774,27.459,10972.0
303537,56.775,27.44,10972.0
303546,56.778,27.377,10965.0
303557,56.78,27.349,10965.0
303567,56.781,27.325,10965.0
303584,56.785,27.225,10965.0
303593,56.787,27.199,10965.0
303602,56.788,27.163,10965.0
303613,56.79,27.125,10965.0
303623,56.792,27.089,10965.0
303631,56.793,27.067,10965.0
303641,56.795,27.025,10965.0
303660,56.797,26.966,10965.0
303674,56.8,26.91,10965.0
303690,56.802,26.857,10972.0
303699,56.805,26.792,10972.0
303714,56.807,26.748,10972.0
303729,56.809,26.707,10972.0
303739,56.811,26.669,10972.0
303753,56.813,26.617,10972.0
303766,56.815,26.569,10980.0
303782,56.817,26.519,10980.0
303796,56.819,26.465,10980.0
303813,56.821,26.428,10980.0
303825,56.822,26.387,10980.0
303841,56.825,26.316,10980.0
303857,56.827,26.273,10980.0
303871,56.829,26.222,10980.0
303881,56.831,26.172,10980.0
303904,56.833,26.106,10980.0
303914,56.836,26.049,10980.0
303924,56.837,26.02,10980.0
303936,56.838,25.991,10972.0
303945,56.839,25.962,10972.0
303958,56.842,25.882,10972.0
303966,56.843,25.836,10972.0
303977,56.845,25.804,10972.0
303985,56.846,25.776,10972.0
303996,56.847,25.747,10972.0
304006,56.848,25.718,10972.0
304018,56.849,25.685,10972.0
304027,56.851,25.62,10972.0
304035,56.852,25.589,10972.0
304047,56.853,25.561,10972.0
304058,56.854,25.531,10972.0
304068,56.855,25.502,10972.0
304077,56.856,25.476,10972.0
304087,56.859,25.41,10972.0
304102,56.861,25.375,10972.0
304112,56.862,25.353,10972.0
304124,56.867,25.268,10972.0
304138,56.868,25.235,10972.0
304153,56.87,25.204,10972.0
304166,56.872,25.147,10972.0
304190,56.877,25.041,10965.0
304211,56.879,25.005,10965.0
304220,56.882,24.921,10965.0
304242,56.885,24.864,10972.0
304264,56.888,24.799,10972.0
304279,56.89,24.75,10972.0
304291,56.893,24.685,10972.0
304300,56.894,24.657,10972.0
304321,56.896,24.599,10972.0
304332,56.899,24.541,10972.0
304340,56.9,24.511,10972.0
304356,56.901,24.468,10972.0
304367,56.903,24.436,10980.0
304377,56.904,24.405,10980.0
304392,56.907,24.328,10980.0
304401,56.908,24.3,10980.0
304412,56.909,24.272,10980.0
304421,56.91,24.242,10980.0
304433,56.911,24.212,10980.0
304442,56.914,24.156,10972.0
304450,56.914,24.133,10972.0
304462,56.916,24.098,10972.0
304472,56.917,24.07,10972.0
304482,56.917,24.041,10972.0
304492,56.916,23.973,10980.0
304507,56.913,23.927,10980.0
304519,56.907,23.865,10980.0
304532,56.903,23.831,10980.0
304544,56.899,23.796,10980.0
304554,56.895,23.768,10980.0
304574,56.888,23.712,10972.0
304585,56.884,23.679,10972.0
304606,56.873,23.596,10965.0
304616,56.869,23.569,10965.0
304635,56.86,23.495,10957.0
304644,56.856,23.467,10965.0
304661,56.85,23.421,10965.0
304671,56.846,23.391,10965.0
304682,56.842,23.359,10965.0
304689,56.838,23.33,10965.0
304700,56.834,23.295,10965.0
304712,56.829,23.262,10965.0
304726,56.813,23.145,10972.0
304734,56.811,23.124,10972.0
304746,56.807,23.097,10972.0
304754,56.804,23.077,10972.0
304773,56.797,23.027,10972.0
304782,56.794,22.999,10980.0
304798,56.787,22.948,10972.0
304807,56.783,22.919,10972.0
304818,56.779,22.889,10980.0
304833,56.77,22.829,10980.0
304844,56.766,22.794,10980.0
304858,56.76,22.755,10980.0
304870,56.754,22.712,10980.0
304881,56.746,22.653,10980.0
304896,56.74,22.609,10972.0
304909,56.735,22.568,10972.0
304919,56.733,22.54,10980.0
304930,56.726,22.465,10972.0
304944,56.722,22.422,10980.0
304961,56.715,22.348,10972.0
304971,56.713,22.321,10980.0
304986,56.707,22.271,10980.0
304997,56.705,22.244,10980.0
305007,56.702,22.22,10980.0
305022,56.697,22.17,10972.0
305032,56.694,22.143,10972.0
305040,56.691,22.116,10972.0
305054,56.684,22.049,10965.0
305064,56.681,22.02,10965.0
305075,56.678,21.992,10965.0
305094,56.668,21.898,10965.0
305110,56.663,21.852,10965.0
305129,56.658,21.805,10965.0
305147,56.649,21.714,10965.0
305159,56.646,21.692,10965.0
305175,56.641,21.644,10965.0
305186,56.638,21.615,10965.0
305195,56.634,21.578,10972.0
305206,56.63,21.543,10972.0
305214,56.627,21.516,10972.0
305230,56.622,21.47,10980.0
305250,56.615,21.403,10972.0
305260,56.608,21.342,10972.0
305274,56.603,21.298,10972.0
305291,56.598,21.247,10972.0
305299,56.594,21.217,10972.0
305310,56.591,21.185,10972.0
305320,56.587,21.152,10972.0
305331,56.583,21.117,10972.0
305348,56.577,21.062,10972.0
305357,56.573,21.028,10972.0
305366,56.57,21.005,10972.0
305378,56.567,20.973,10972.0
305387,56.561,20.921,10972.0
305397,56.558,20.894,10972.0
305408,56.55,20.829,10972.0
305492,56.515,20.531,10980.0
305507,56.513,20.509,10980.0
305516,56.511,20.49,10980.0
305534,56.501,20.408,10972.0
305551,56.496,20.37,10972.0
305563,56.488,20.297,10965.0
305572,56.484,20.265,10965.0
305583,56.48,20.23,10965.0
305590,56.476,20.202,10965.0
305602,56.473,20.177,10965.0
305611,56.469,20.143,10965.0
305629,56.462,20.083,10972.0
305639,56.459,20.056,10972.0
305658,56.452,19.999,10972.0
305667,56.449,19.979,10972.0
305677,56.446,19.953,10972.0
305698,56.433,19.848,10980.0
305708,56.43,19.821,10980.0
305723,56.425,19.784,10980.0
305732,56.422,19.758,10980.0
305744,56.417,19.718,10972.0
305763,56.409,19.655,10972.0
305774,56.405,19.621,10972.0
305784,56.401,19.588,10972.0
305801,56.394,19.537,10965.0
305813,56.39,19.503,10965.0
305824,56.381,19.438,10965.0
305834,56.377,19.405,10965.0
305844,56.375,19.386,10965.0
305858,56.371,19.353,10965.0
305872,56.36,19.275,10965.0
305887,56.359,19.262,10965.0
305902,56.35,19.191,10965.0
305911,56.346,19.164,10965.0
305922,56.342,19.132,10972.0
305933,56.339,19.113,10972.0
305948,56.329,19.035,10972.0
305963,56.324,18.996,10980.0
305980,56.319,18.957,10980.0
305994,56.315,18.925,10980.0
306009,56.304,18.84,10980.0
306025,56.301,18.817,10980.0
306041,56.289,18.729,10980.0
306058,56.283,18.683,10980.0
306067,56.279,18.655,10972.0
306083,56.276,18.631,10972.0
306104,56.267,18.568,10965.0
306120,56.261,18.521,10965.0
306133,56.25,18.444,10957.0
306151,56.245,18.409,10965.0
306161,56.24,18.381,10957.0
306172,56.233,18.348,10965.0
306180,56.222,18.294,10965.0
306199,56.218,18.27,10965.0
306210,56.21,18.233,10965.0
306223,56.196,18.161,10972.0
306233,56.191,18.134,10972.0
306250,56.183,18.098,10972.0
306263,56.171,18.037,10972.0
306277,56.162,17.993,10980.0
306288,56.156,17.964,10980.0
306300,56.15,17.932,10980.0
306310,56.144,17.902,10980.0
306330,56.134,17.853,10980.0
306345,56.125,17.81,10980.0
306360,56.118,17.773,10980.0
306369,56.112,17.743,10980.0
306381,56.106,17.714,10980.0
306394,56.091,17.639,10980.0
306406,56.083,17.605,10972.0
306421,56.074,17.561,10972.0
306429,56.069,17.536,10965.0
306446,56.062,17.5,10965.0
306454,56.057,17.476,10965.0
306466,56.051,17.445,10965.0
306482,56.043,17.407,10965.0
306491,56.037,17.379,10965.0
306503,56.023,17.313,10972.0
306513,56.017,17.284,10972.0
306520,56.012,17.261,10972.0
306531,56.007,17.234,10972.0
306543,56.0,17.202,10972.0
306552,55.994,17.175,10972.0
306568,55.989,17.149,10972.0
306584,55.973,17.073,10972.0
306596,55.967,17.046,10972.0
306608,55.96,17.012,10972.0
306619,55.955,16.988,10972.0
306638,55.943,16.933,10972.0
306646,55.938,16.908,10972.0
306658,55.932,16.879,10980.0
306670,55.924,16.843,10972.0
306684,55.907,16.766,10972.0
306704,55.895,16.707,10972.0
306718,55.886,16.665,10972.0
306729,55.878,16.627,10972.0
306748,55.866,16.574,10972.0
306760,55.86,16.545,10972.0
306774,55.851,16.504,10980.0
306788,55.843,16.468,10972.0
306801,55.835,16.432,10972.0
306814,55.826,16.391,10980.0
306830,55.816,16.342,10980.0
306839,55.811,16.319,10980.0
306849,55.804,16.289,10972.0
306866,55.795,16.247,10972.0
306878,55.786,16.207,10972.0
306885,55.781,16.184,10972.0
306897,55.773,16.146,10972.0
306908,55.765,16.112,10965.0
306918,55.76,16.088,10965.0
306927,55.753,16.059,10965.0
306937,55.748,16.035,10965.0
306947,55.742,16.007,10965.0
306958,55.734,15.97,10965.0
306967,55.726,15.936,10972.0
306976,55.721,15.912,10972.0
306988,55.714,15.882,10972.0
306997,55.709,15.859,10972.0
307007,55.702,15.829,10972.0
307019,55.696,15.801,10972.0
307035,55.685,15.753,10972.0
307050,55.676,15.711,10972.0
307065,55.665,15.664,10972.0
307078,55.656,15.624,10972.0
307091,55.647,15.583,10972.0
307104,55.634,15.528,10980.0
307125,55.62,15.463,10980.0
307141,55.609,15.418,10980.0
307156,55.6,15.376,10980.0
307169,55.592,15.342,10980.0
307181,55.584,15.307,10980.0
307190,55.577,15.276,10980.0
307207,55.566,15.231,10980.0
307216,55.561,15.208,10980.0
307226,55.555,15.181,10980.0
307236,55.548,15.151,10972.0
307246,55.542,15.125,10972.0
307257,55.535,15.094,10972.0
307264,55.529,15.071,10965.0
307276,55.52,15.033,10965.0
307288,55.514,15.007,10965.0
307297,55.508,14.98,10965.0
307305,55.503,14.958,10965.0
307316,55.496,14.929,10965.0
307328,55.488,14.896,10965.0
307335,55.483,14.873,10965.0
307347,55.476,14.844,10965.0
307358,55.468,14.811,10965.0
307373,55.46,14.773,10965.0
307382,55.454,14.749,10965.0
307399,55.444,14.708,10972.0
307418,55.425,14.629,10972.0
307426,55.42,14.606,10972.0
307439,55.413,14.575,10972.0
307459,55.4,14.521,10972.0
307474,55.39,14.481,10980.0
307490,55.38,14.44,10980.0
307500,55.374,14.413,10980.0
307510,55.367,14.382,10980.0
307525,55.358,14.346,10980.0
307535,55.351,14.318,10980.0
307550,55.342,14.279,10980.0
307565,55.331,14.233,10980.0
307574,55.324,14.205,10980.0
307584,55.319,14.183,10980.0
307598,55.309,14.143,10980.0
307611,55.301,14.11,10980.0
307619,55.297,14.095,10980.0
307630,55.29,14.065,10980.0
307646,55.272,13.992,10972.0
307655,55.266,13.965,10972.0
307664,55.26,13.943,10972.0
307674,55.255,13.92,10972.0
307686,55.246,13.886,10965.0
307704,55.238,13.853,10965.0
307716,55.23,13.819,10965.0
307728,55.222,13.786,10972.0
307735,55.218,13.769,10972.0
307746,55.211,13.744,10972.0
307770,55.196,13.681,10972.0
307794,55.185,13.636,10965.0
307817,55.158,13.53,10972.0
307828,55.151,13.502,10972.0
307849,55.138,13.45,10972.0
307862,55.13,13.417,10980.0
307878,55.119,13.374,10972.0
307888,55.112,13.345,10972.0
307904,55.102,13.307,10972.0
307920,55.094,13.272,10972.0
307939,55.08,13.216,10972.0
307949,55.072,13.186,10972.0
307965,55.062,13.145,10972.0
307974,55.055,13.121,10972.0
307989,55.046,13.082,10972.0
307999,55.04,13.061,10972.0
308019,55.024,12.999,10972.0
308034,55.013,12.956,10972.0
308046,55.009,12.938,10965.0
308058,54.99,12.866,10972.0
308071,54.981,12.831,10972.0
308085,54.971,12.793,10972.0
308101,54.961,12.752,10972.0
308112,54.953,12.722,10972.0
308121,54.949,12.707,10972.0
308131,54.94,12.672,10972.0
308140,54.935,12.651,10972.0
308151,54.928,12.623,10972.0
308160,54.922,12.602,10972.0
308171,54.912,12.564,10972.0
308182,54.905,12.536,10972.0
308191,54.901,12.521,10972.0
308201,54.894,12.495,10972.0
308213,54.885,12.462,10972.0
308222,54.88,12.439,10972.0
308233,54.87,12.401,10972.0
308247,54.863,12.374,10972.0
308256,54.853,12.337,10972.0
308265,54.846,12.31,10972.0
308281,54.834,12.266,10972.0
308295,54.824,12.229,10972.0
308310,54.816,12.197,10972.0
308325,54.808,12.167,10972.0
308339,54.797,12.126,10980.0
308354,54.786,12.084,10972.0
308370,54.778,12.057,10972.0
308382,54.77,12.024,10972.0
308393,54.754,11.966,10972.0
308402,54.75,11.949,10972.0
308416,54.738,11.907,10980.0
308425,54.733,11.886,10972.0
308441,54.722,11.844,10972.0
308451,54.713,11.811,10972.0
308465,54.703,11.774,10972.0
308482,54.694,11.743,10972.0
308491,54.684,11.705,10972.0
308503,54.675,11.673,10972.0
308510,54.67,11.652,10965.0
308523,54.661,11.621,10972.0
308530,54.655,11.599,10972.0
308541,54.649,11.574,10972.0
308550,54.644,11.558,10972.0
308563,54.637,11.53,10972.0
308572,54.631,11.508,10972.0
308580,54.624,11.485,10972.0
308593,54.613,11.449,10972.0
308604,54.606,11.429,10972.0
308621,54.593,11.389,10972.0
308631,54.587,11.369,10972.0
308636,54.582,11.355,10972.0
308641,54.577,11.339,10972.0
308649,54.57,11.319,10972.0
308662,54.562,11.294,10972.0
308677,54.551,11.259,10972.0
308686,54.533,11.204,10972.0
308699,54.527,11.184,10972.0
308709,54.519,11.159,10972.0
308725,54.508,11.125,10972.0
308734,54.5,11.1,10972.0
308753,54.486,11.055,10972.0
308765,54.478,11.031,10972.0
308786,54.463,10.985,10972.0
308801,54.448,10.936,10972.0
308811,54.43,10.882,10972.0
308820,54.422,10.857,10972.0
308830,54.414,10.832,10972.0
308841,54.408,10.816,10972.0
308849,54.403,10.798,10972.0
308860,54.396,10.779,10972.0
308870,54.388,10.754,10972.0
308881,54.38,10.73,10972.0
308890,54.372,10.705,10972.0
308902,54.365,10.682,10972.0
308912,54.356,10.656,10972.0
308920,54.351,10.641,10972.0
308933,54.344,10.617,10965.0
308947,54.332,10.583,10972.0
308961,54.323,10.552,10972.0
308972,54.303,10.494,10972.0
308980,54.298,10.478,10972.0
308996,54.289,10.45,10972.0
309006,54.283,10.431,10972.0
309018,54.275,10.407,10972.0
309029,54.265,10.376,10980.0
309043,54.254,10.345,10972.0
309050,54.247,10.323,10972.0
309067,54.234,10.285,10972.0
309078,54.228,10.266,10980.0
309094,54.212,10.218,10980.0
309108,54.2,10.182,10980.0
309124,54.189,10.148,10980.0
309139,54.177,10.114,10972.0
309152,54.158,10.056,10972.0
309164,54.148,10.027,10972.0
309179,54.137,9.992,10972.0
309194,54.124,9.953,10972.0
309204,54.117,9.934,10972.0
309214,54.109,9.909,10965.0
309229,54.101,9.885,10965.0
309244,54.087,9.846,10965.0
309255,54.078,9.817,10965.0
309271,54.066,9.782,10965.0
309280,54.059,9.762,10965.0
309290,54.053,9.743,10972.0
309305,54.036,9.694,10972.0
309314,54.029,9.674,10972.0
309326,54.013,9.625,10980.0
309336,54.006,9.606,10980.0
309352,53.996,9.576,10980.0
309360,53.991,9.561,10980.0
309372,53.982,9.537,10980.0
309382,53.976,9.517,10980.0
309392,53.965,9.488,10980.0
309400,53.959,9.468,10980.0
309413,53.95,9.444,10980.0
309426,53.935,9.4,10980.0
309438,53.925,9.371,10972.0
309448,53.918,9.35,10972.0
309456,53.912,9.331,10972.0
309469,53.904,9.308,10980.0
309483,53.893,9.278,10980.0
309492,53.876,9.228,10972.0
309507,53.863,9.189,10972.0
309515,53.856,9.17,10972.0
309528,53.846,9.141,10972.0
309539,53.837,9.116,10972.0
309559,53.822,9.072,10965.0
309572,53.813,9.047,10965.0
309584,53.805,9.023,10972.0
309596,53.796,8.998,10972.0
309623,53.776,8.941,10972.0
309640,53.754,8.878,10972.0
309654,53.743,8.847,10972.0
309666,53.736,8.828,10972.0
309686,53.719,8.778,10972.0
309696,53.712,8.759,10972.0
309711,53.692,8.701,10972.0
309721,53.685,8.681,10972.0
309729,53.678,8.661,10972.0
309742,53.668,8.633,10972.0
309752,53.66,8.613,10972.0
309761,53.654,8.594,10965.0
309771,53.643,8.565,10965.0
309781,53.636,8.545,10965.0
309792,53.627,8.518,10965.0
309802,53.619,8.498,10965.0
309812,53.612,8.477,10965.0
309822,53.602,8.449,10965.0
309830,53.597,8.435,10965.0
309843,53.589,8.411,10972.0
309850,53.571,8.363,10888.0
309861,53.564,8.341,10820.0
309873,53.553,8.311,10721.0
309883,53.544,8.287,10652.0
309889,53.54,8.274,10614.0
309903,53.531,8.251,10546.0
309912,53.523,8.227,10477.0
309922,53.516,8.208,10416.0
309933,53.507,8.184,10347.0
309944,53.498,8.16,10271.0
309956,53.489,8.135,10195.0
309967,53.479,8.106,10104.0
309982,53.471,8.086,10043.0
310003,53.442,8.004,9799.0
310013,53.435,7.985,9738.0
310025,53.426,7.96,9677.0
310034,53.419,7.942,9639.0
310044,53.412,7.923,9593.0
310054,53.406,7.906,9555.0
310075,53.381,7.837,9403.0
310085,53.375,7.821,9372.0
310100,53.363,7.789,9304.0
310111,53.354,7.764,9243.0
310120,53.348,7.747,9204.0
310131,53.341,7.729,9159.0
310146,53.324,7.684,9052.0
310162,53.314,7.655,8976.0
310176,53.305,7.631,8915.0
310186,53.288,7.587,8816.0
310202,53.279,7.561,8755.0
310215,53.269,7.534,8686.0
310226,53.263,7.52,8648.0
310239,53.251,7.487,8572.0
310249,53.244,7.466,8526.0
310264,53.234,7.441,8465.0
310286,53.221,7.406,8382.0
310295,53.199,7.348,8229.0
310307,53.192,7.328,8183.0
310320,53.183,7.305,8130.0
310338,53.175,7.282,8077.0
310353,53.161,7.245,7985.0
310367,53.151,7.22,7940.0
310374,53.146,7.205,7932.0
310385,53.138,7.184,7917.0
310403,53.13,7.161,7871.0
310414,53.111,7.112,7741.0
310426,53.105,7.096,7703.0
310437,53.098,7.077,7650.0
310449,53.09,7.055,7597.0
310469,53.074,7.014,7490.0
310480,53.068,6.998,7452.0
310494,53.061,6.981,7406.0
310505,53.045,6.939,7292.0
310517,53.037,6.918,7239.0
310530,53.03,6.899,7178.0
310539,53.025,6.884,7132.0
310552,53.016,6.862,7071.0
310564,53.011,6.848,7033.0
310575,53.0,6.819,6949.0
310585,52.994,6.805,6911.0
310595,52.986,6.783,6850.0
310604,52.98,6.768,6797.0
310617,52.972,6.746,6736.0
310631,52.957,6.706,6614.0
310644,52.951,6.691,6576.0
310656,52.943,6.67,6522.0
310665,52.937,6.655,6484.0
310674,52.932,6.641,6438.0
310686,52.923,6.619,6377.0
310698,52.916,6.602,6332.0
310711,52.907,6.578,6271.0
310722,52.902,6.565,6233.0
310733,52.887,6.526,6111.0
310741,52.882,6.512,6065.0
310751,52.875,6.495,6019.0
310762,52.87,6.481,5974.0
310771,52.864,6.466,5928.0
310781,52.859,6.452,5890.0
310790,52.853,6.438,5844.0
310804,52.845,6.417,5783.0
310816,52.837,6.395,5715.0
310827,52.831,6.381,5661.0
310836,52.812,6.351,5562.0
310845,52.804,6.34,5532.0
310857,52.797,6.33,5494.0
310869,52.785,6.313,5425.0
310881,52.775,6.3,5372.0
310894,52.764,6.283,5303.0
310909,52.75,6.265,5234.0
310923,52.739,6.249,5173.0
310935,52.729,6.235,5120.0
310952,52.703,6.198,4975.0
310964,52.691,6.182,4914.0
310985,52.672,6.155,4808.0
311001,52.662,6.142,4762.0
311015,52.653,6.129,4709.0
311030,52.631,6.098,4587.0
311041,52.621,6.085,4533.0
311053,52.608,6.066,4465.0
311067,52.598,6.053,4411.0
311082,52.587,6.038,4351.0
311092,52.58,6.028,4312.0
311110,52.554,5.992,4168.0
311124,52.544,5.978,4107.0
311135,52.531,5.961,4038.0
311151,52.52,5.945,3977.0
311163,52.512,5.935,3939.0
311171,52.502,5.922,3886.0
311185,52.493,5.91,3832.0
311201,52.479,5.888,3741.0
311210,52.475,5.874,3695.0
311223,52.473,5.855,3642.0
311234,52.477,5.801,3520.0
311309,52.489,5.637,3116.0
311332,52.491,5.625,3086.0
311354,52.497,5.577,2964.0
311379,52.506,5.513,2766.0
311397,52.511,5.476,2644.0
311419,52.518,5.427,2484.0
311433,52.52,5.411,2430.0
311444,52.525,5.375,2308.0
311461,52.528,5.356,2255.0
311472,52.53,5.34,2217.0
311486,52.533,5.32,2164.0
311499,52.541,5.267,2026.0
311513,52.544,5.244,1958.0
311527,52.546,5.229,1920.0
311538,52.55,5.202,1851.0
311554,52.553,5.181,1798.0
311575,52.559,5.136,1653.0
311594,52.561,5.124,1607.0
311606,52.566,5.078,1447.0
311619,52.569,5.058,1394.0
311632,52.571,5.043,1348.0
311645,52.573,5.025,1303.0
311661,52.575,4.964,1181.0
311672,52.575,4.953,1158.0
311687,52.575,4.928,1089.0
311702,52.576,4.906,1028.0
311719,52.577,4.882,998.0
311737,52.577,4.856,990.0
311746,52.578,4.845,990.0
311758,52.578,4.832,998.0
311773,52.575,4.804,990.0
311790,52.566,4.79,990.0
311807,52.555,4.776,990.0
311827,52.545,4.766,990.0
311845,52.527,4.759,990.0
311865,52.509,4.756,990.0
311887,52.498,4.755,990.0
311907,52.475,4.753,967.0
311929,52.464,4.752,906.0
311952,52.442,4.75,769.0
311972,52.428,4.749,678.0
311995,52.417,4.748,609.0
312016,52.391,4.745,449.0
312042,52.378,4.744,365.0
312067,52.364,4.743,289.0
312100,52.345,4.741,175.0
312164,52.318,4.738,0.0
382033,50.037,8.54,0.0
382105,50.034,8.528,830.0
382260,50.01,8.526,388.0
382274,50.003,8.526,556.0
382285,49.998,8.526,640.0
382297,49.989,8.526,739.0
382311,49.971,8.526,929.0
382327,49.959,8.527,1066.0
382337,49.952,8.528,1173.0
382346,49.944,8.529,1348.0
382357,49.931,8.53,1607.0
382367,49.922,8.531,1783.0
382374,49.916,8.531,1905.0
382386,49.903,8.532,2156.0
382398,49.89,8.533,2415.0
382409,49.871,8.532,2827.0
382423,49.859,8.527,3048.0
382435,49.851,8.523,3215.0
382450,49.834,8.513,3421.0
382464,49.821,8.505,3535.0
382479,49.8,8.493,3688.0
382496,49.781,8.475,3855.0
382509,49.768,8.451,4099.0
382520,49.764,8.434,4229.0
382533,49.763,8.391,4472.0
382545,49.766,8.373,4533.0
382555,49.769,8.352,4663.0
382564,49.772,8.335,4792.0
382581,49.781,8.281,5143.0
382591,49.784,8.26,5265.0
382599,49.787,8.24,5394.0
382616,49.796,8.186,5730.0
382626,49.799,8.166,5859.0
382634,49.802,8.151,5966.0
382651,49.81,8.099,6294.0
382666,49.814,8.07,6469.0
382682,49.821,8.03,6713.0
382686,49.822,8.022,6766.0
382698,49.826,8.0,6903.0
382706,49.833,7.954,7185.0
382715,49.835,7.94,7277.0
382727,49.839,7.914,7444.0
382735,49.841,7.899,7528.0
382745,49.845,7.874,7673.0
382754,49.849,7.85,7810.0
382771,49.855,7.81,7993.0
382782,49.86,7.78,8115.0
382792,49.864,7.754,8221.0
382801,49.868,7.73,8328.0
382814,49.872,7.7,8450.0
382835,49.882,7.636,8625.0
382850,49.888,7.601,8679.0
382863,49.892,7.575,8724.0
382876,49.896,7.547,8785.0
382895,49.908,7.472,8945.0
382913,49.914,7.427,9098.0
382925,49.919,7.397,9197.0
382945,49.927,7.346,9273.0
382958,49.934,7.298,9326.0
382970,49.939,7.265,9387.0
382981,49.943,7.236,9471.0
383002,49.952,7.18,9593.0
383014,49.96,7.128,9738.0
383032,49.966,7.085,9837.0
383052,49.975,7.027,9989.0
383059,49.978,7.01,10012.0
383076,49.986,6.956,10088.0
383097,49.996,6.89,10233.0
383110,50.002,6.851,10279.0
383119,50.005,6.83,10332.0
383134,50.017,6.757,10629.0
383146,50.021,6.729,10668.0
383154,50.022,6.711,10690.0
383167,50.024,6.676,10713.0
383172,50.024,6.665,10713.0
383182,50.021,6.632,10759.0
383194,50.016,6.603,10843.0
383211,49.998,6.535,10972.0
383231,49.986,6.493,11049.0
383243,49.976,6.46,11109.0
383252,49.969,6.434,11148.0
383267,49.958,6.396,11216.0
383283,49.943,6.344,11269.0
383290,49.938,6.327,11277.0
383303,49.929,6.295,11277.0
383319,49.914,6.248,11277.0
383339,49.891,6.187,11277.0
383354,49.883,6.166,11277.0
383373,49.863,6.112,11277.0
383390,49.849,6.076,11277.0
383409,49.828,6.021,11277.0
383425,49.806,5.963,11277.0
383435,49.796,5.937,11277.0
383446,49.783,5.905,11277.0
383455,49.771,5.873,11277.0
383465,49.76,5.846,11277.0
383475,49.752,5.825,11277.0
383486,49.744,5.805,11277.0
383496,49.734,5.778,11277.0
383509,49.724,5.753,11277.0
383522,49.704,5.701,11277.0
383532,49.696,5.682,11277.0
383541,49.688,5.66,11277.0
383551,49.678,5.634,11277.0
383562,49.669,5.61,11277.0
383572,49.657,5.58,11277.0
383582,49.647,5.554,11277.0
383590,49.637,5.527,11277.0
383600,49.629,5.506,11277.0
383613,49.618,5.468,11277.0
383620,49.613,5.451,11277.0
383633,49.603,5.415,11277.0
383642,49.597,5.392,11277.0
383657,49.583,5.343,11277.0
383667,49.577,5.321,11285.0
383676,49.569,5.293,11323.0
383694,49.553,5.236,11369.0
383708,49.542,5.195,11437.0
383724,49.531,5.157,11513.0
383739,49.519,5.112,11551.0
383759,49.504,5.061,11635.0
383785,49.482,4.981,11780.0
383795,49.471,4.943,11841.0
383805,49.462,4.909,11879.0
383815,49.458,4.896,11879.0
383824,49.452,4.877,11887.0
383841,49.442,4.838,11887.0
383855,49.428,4.792,11879.0
383865,49.42,4.764,11887.0
383880,49.409,4.726,11887.0
383889,49.402,4.698,11887.0
383905,49.388,4.65,11887.0
383916,49.379,4.619,11887.0
383926,49.373,4.6,11887.0
383937,49.364,4.566,11887.0
383947,49.354,4.532,11887.0
383961,49.344,4.496,11879.0
383972,49.336,4.468,11879.0
383982,49.328,4.442,11879.0
383993,49.318,4.406,11871.0
384003,49.306,4.366,11871.0
384013,49.298,4.337,11871.0
384021,49.294,4.324,11871.0
384031,49.286,4.296,11871.0
384043,49.276,4.262,11871.0
384051,49.269,4.238,11871.0
384061,49.261,4.211,11879.0
384077,49.253,4.182,11887.0
384089,49.241,4.141,11887.0
384100,49.229,4.102,11887.0
384113,49.222,4.075,11887.0
384121,49.216,4.055,11887.0
384134,49.209,4.033,11887.0
384149,49.189,3.975,11887.0
384165,49.174,3.939,11887.0
384179,49.161,3.914,11887.0
384194,49.136,3.871,11887.0
384210,49.116,3.834,11887.0
384225,49.098,3.802,11879.0
384236,49.083,3.776,11879.0
384250,49.068,3.748,11871.0
384266,49.044,3.706,11879.0
384280,49.026,3.674,11871.0
384290,49.015,3.653,11871.0
384300,49.001,3.628,11871.0
384317,48.98,3.592,11871.0
384331,48.957,3.55,11887.0
384341,48.947,3.533,11887.0
384352,48.932,3.506,11887.0
384371,48.911,3.469,11887.0
384387,48.882,3.419,11887.0
384398,48.869,3.395,11887.0
384413,48.853,3.367,11887.0
384428,48.835,3.336,11887.0
384437,48.825,3.318,11887.0
384454,48.796,3.267,11887.0
384469,48.782,3.243,11887.0
384484,48.764,3.212,11887.0
384499,48.746,3.18,11887.0
384512,48.721,3.137,11887.0
384523,48.711,3.12,11887.0
384532,48.7,3.099,11887.0
384549,48.679,3.064,11887.0
384560,48.663,3.035,11887.0
384573,48.639,2.995,11894.0
384585,48.628,2.976,11894.0
384599,48.61,2.944,11894.0
384612,48.593,2.915,11894.0
384631,48.565,2.866,11894.0
384643,48.551,2.842,11894.0
384656,48.536,2.815,11887.0
384665,48.525,2.797,11887.0
384676,48.51,2.771,11887.0
384692,48.486,2.736,11879.0
384700,48.474,2.721,11879.0
384711,48.457,2.705,11879.0
384722,48.43,2.686,11879.0
384729,48.419,2.68,11879.0
384741,48.399,2.671,11887.0
384752,48.367,2.657,11879.0
384761,48.35,2.651,11879.0
384773,48.334,2.647,11871.0
384786,48.308,2.643,11871.0
384802,48.267,2.642,11871.0
384812,48.25,2.643,11871.0
384823,48.228,2.644,11871.0
384836,48.197,2.645,11879.0
384852,48.163,2.647,11879.0
384860,48.146,2.647,11879.0
384873,48.124,2.648,11879.0
384884,48.095,2.65,11887.0
384902,48.058,2.651,11887.0
384911,48.024,2.653,11887.0
384922,48.007,2.653,11887.0
384932,47.99,2.654,11887.0
384945,47.971,2.655,11887.0
384955,47.94,2.656,11887.0
384964,47.921,2.657,11887.0
384974,47.904,2.658,11887.0
384987,47.866,2.659,11887.0
384999,47.844,2.657,11887.0
385015,47.815,2.651,11887.0
385029,47.785,2.645,11887.0
385041,47.769,2.641,11887.0
385055,47.718,2.63,11894.0
385071,47.693,2.624,11894.0
385081,47.676,2.621,11894.0
385090,47.657,2.616,11894.0
385106,47.634,2.612,11894.0
385120,47.588,2.601,11894.0
385130,47.571,2.598,11894.0
385146,47.544,2.589,11887.0
385157,47.519,2.577,11887.0
385173,47.478,2.557,11887.0
385187,47.457,2.547,11887.0
385195,47.441,2.539,11887.0
385205,47.426,2.531,11887.0
385223,47.391,2.514,11887.0
385233,47.367,2.503,11887.0
385245,47.349,2.494,11887.0
385255,47.314,2.477,11887.0
385264,47.299,2.47,11887.0
385274,47.283,2.462,11887.0
385289,47.253,2.448,11887.0
385301,47.234,2.438,11887.0
385314,47.195,2.42,11887.0
385331,47.168,2.407,11887.0
385342,47.149,2.398,11887.0
385356,47.116,2.386,11887.0
385367,47.098,2.382,11887.0
385384,47.059,2.383,11894.0
385404,47.018,2.396,11902.0
385418,46.982,2.412,11902.0
385429,46.962,2.421,11902.0
385451,46.915,2.442,11894.0
385479,46.854,2.469,11894.0
385495,46.819,2.485,11894.0
385507,46.794,2.496,11887.0
385521,46.768,2.507,11887.0
385535,46.725,2.526,11887.0
385547,46.706,2.534,11887.0
385554,46.691,2.541,11887.0
385565,46.669,2.551,11879.0
385575,46.648,2.56,11879.0
385585,46.631,2.567,11879.0
385601,46.593,2.584,11879.0
385618,46.56,2.599,11879.0
385632,46.53,2.612,11879.0
385647,46.479,2.634,11879.0
385658,46.464,2.641,11879.0
385674,46.437,2.653,11879.0
385688,46.407,2.666,11879.0
385699,46.391,2.673,11879.0
385715,46.349,2.691,11879.0
385724,46.336,2.697,11879.0
385737,46.298,2.713,11879.0
385750,46.274,2.724,11887.0
385769,46.243,2.737,11887.0
385780,46.213,2.75,11887.0
385802,46.152,2.776,11887.0
385813,46.136,2.784,11887.0
385826,46.118,2.791,11887.0
385836,46.097,2.8,11887.0
385848,46.072,2.811,11894.0
385862,46.037,2.826,11894.0
385874,46.011,2.837,11902.0
385884,45.991,2.846,11902.0
385897,45.96,2.859,11902.0
385907,45.943,2.866,11894.0
385921,45.908,2.881,11894.0
385931,45.892,2.888,11894.0
385941,45.871,2.897,11887.0
385949,45.838,2.911,11887.0
385960,45.82,2.919,11887.0
385969,45.806,2.923,11887.0
385980,45.786,2.93,11887.0
385992,45.759,2.937,11879.0
386004,45.733,2.942,11879.0
386014,45.707,2.946,11879.0
386028,45.681,2.948,11879.0
386039,45.659,2.948,11879.0
386053,45.629,2.948,11879.0
386067,45.604,2.947,11879.0
386084,45.563,2.945,11879.0
386101,45.524,2.944,11879.0
386112,45.498,2.943,11879.0
386124,45.475,2.942,11879.0
386138,45.433,2.94,11887.0
386149,45.414,2.94,11887.0
386162,45.395,2.939,11894.0
386178,45.349,2.937,11894.0
386194,45.322,2.936,11902.0
386204,45.295,2.935,11894.0
386214,45.274,2.934,11902.0
386233,45.233,2.933,11894.0
386255,45.172,2.93,11894.0
386272,45.147,2.93,11894.0
386287,45.112,2.928,11894.0
386298,45.096,2.927,11894.0
386330,45.022,2.925,11887.0
386339,45.0,2.924,11887.0
386361,44.961,2.922,11879.0
386369,44.928,2.921,11879.0
386401,44.869,2.918,11879.0
386420,44.829,2.91,11887.0
386437,44.784,2.897,11887.0
386444,44.772,2.894,11887.0
386455,44.752,2.889,11887.0
386474,44.703,2.876,11887.0
386485,44.689,2.872,11887.0
386501,44.66,2.864,11887.0
386521,44.608,2.851,11887.0
386537,44.583,2.844,11894.0
386551,44.547,2.834,11894.0
386569,44.512,2.825,11894.0
386584,44.48,2.816,11894.0
386602,44.442,2.806,11894.0
386613,44.408,2.798,11887.0
386630,44.379,2.79,11879.0
386642,44.353,2.784,11879.0
386654,44.328,2.777,11879.0
386668,44.298,2.77,11887.0
386683,44.273,2.767,11879.0
386691,44.245,2.766,11879.0
386705,44.226,2.766,11879.0
386717,44.202,2.765,11879.0
386730,44.163,2.765,11887.0
386744,44.142,2.764,11887.0
386755,44.122,2.764,11887.0
386770,44.088,2.763,11887.0
386786,44.053,2.762,11887.0
386794,44.024,2.762,11887.0
386807,44.002,2.761,11879.0
386820,43.973,2.761,11879.0
386834,43.941,2.76,11887.0
386844,43.919,2.76,11887.0
386858,43.884,2.759,11887.0
386883,43.828,2.758,11887.0
386901,43.797,2.757,11841.0
386910,43.77,2.757,11772.0
386923,43.744,2.756,11719.0
386934,43.728,2.756,11689.0
386957,43.688,2.755,11597.0
386986,43.606,2.754,11384.0
387016,43.547,2.755,11193.0
387028,43.509,2.754,11064.0
387040,43.482,2.754,10972.0
387057,43.452,2.754,10873.0
387070,43.431,2.753,10820.0
387084,43.393,2.755,10744.0
387102,43.356,2.758,10622.0
387123,43.303,2.762,10424.0
387140,43.277,2.764,10332.0
387150,43.237,2.768,10180.0
387163,43.214,2.769,10096.0
387181,43.183,2.772,9982.0
387194,43.157,2.774,9883.0
387212,43.1,2.779,9669.0
387222,43.082,2.78,9601.0
387236,43.054,2.783,9502.0
387251,43.017,2.786,9334.0
387260,42.997,2.787,9220.0
387271,42.965,2.79,9037.0
387282,42.947,2.791,8930.0
387290,42.929,2.793,8823.0
387304,42.9,2.795,8663.0
387315,42.863,2.798,8450.0
387328,42.846,2.8,8343.0
387346,42.81,2.803,8130.0
387358,42.779,2.805,7955.0
387370,42.763,2.806,7863.0
387385,42.71,2.811,7543.0
387397,42.693,2.812,7437.0
387411,42.676,2.814,7338.0
387423,42.65,2.816,7178.0
387436,42.601,2.82,6865.0
387449,42.585,2.821,6758.0
387461,42.555,2.823,6576.0
387472,42.54,2.825,6499.0
387485,42.515,2.827,6431.0
387501,42.492,2.829,6408.0
387515,42.449,2.829,6400.0
387529,42.435,2.827,6400.0
387544,42.404,2.82,6370.0
387557,42.384,2.815,6294.0
387564,42.368,2.812,6202.0
387576,42.34,2.805,6035.0
387587,42.323,2.801,5935.0
387601,42.301,2.796,5798.0
387615,42.283,2.791,5692.0
387630,42.222,2.777,5326.0
387640,42.207,2.773,5234.0
387657,42.185,2.768,5097.0
387666,42.171,2.765,5006.0
387679,42.148,2.759,4861.0
387691,42.118,2.751,4655.0
387704,42.105,2.745,4556.0
387719,42.085,2.73,4404.0
387730,42.072,2.719,4305.0
387746,42.05,2.7,4130.0
387755,42.037,2.69,4030.0
387774,42.013,2.669,3817.0
387786,41.998,2.656,3688.0
387799,41.983,2.644,3558.0
387814,41.959,2.624,3352.0
387831,41.942,2.609,3200.0
387843,41.927,2.597,3101.0
387851,41.917,2.588,3048.0
387865,41.903,2.576,2987.0
387877,41.882,2.559,2895.0
387894,41.868,2.547,2834.0
387908,41.854,2.535,2766.0
387922,41.84,2.523,2750.0
387941,41.822,2.508,2743.0
387952,41.802,2.492,2743.0
387967,41.789,2.48,2743.0
387986,41.761,2.465,2743.0
387996,41.75,2.464,2743.0
388009,41.739,2.464,2743.0
388023,41.722,2.464,2743.0
388037,41.704,2.464,2743.0
388050,41.684,2.464,2743.0
388060,41.657,2.464,2743.0
388077,41.636,2.465,2743.0
388089,41.621,2.465,2743.0
388101,41.606,2.465,2712.0
388118,41.587,2.468,2613.0
388125,41.576,2.472,2545.0
388145,41.545,2.485,2468.0
388168,41.521,2.496,2453.0
388175,41.509,2.501,2446.0
388195,41.493,2.507,2423.0
388211,41.478,2.506,2385.0
388234,41.458,2.496,2286.0
388255,41.441,2.483,2141.0
388277,41.428,2.462,2004.0
388296,41.419,2.439,1889.0
388311,41.415,2.428,1821.0
388329,41.41,2.411,1744.0
388346,41.398,2.375,1546.0
388362,41.393,2.362,1485.0
388378,41.389,2.35,1417.0
388392,41.385,2.336,1318.0
388410,41.38,2.323,1234.0
388426,41.375,2.307,1104.0
388444,41.369,2.291,990.0
388470,41.358,2.259,861.0
388486,41.355,2.248,807.0
388500,41.351,2.237,746.0
388512,41.347,2.225,685.0
388528,41.343,2.213,594.0
388544,41.339,2.201,502.0
388561,41.334,2.189,426.0
388584,41.33,2.175,381.0
388601,41.326,2.165,327.0
388617,41.322,2.153,274.0
388635,41.318,2.139,205.0
388653,41.314,2.128,152.0
388671,41.309,2.115,91.0
