1217
211713,40.515,-3.559,0.0
211724,40.523,-3.559,579.0
211739,40.535,-3.558,777.0
211760,40.549,-3.555,1021.0
211769,40.557,-3.552,1120.0
211783,40.567,-3.548,1226.0
211795,40.577,-3.545,1333.0
211805,40.583,-3.542,1432.0
211814,40.593,-3.537,1485.0
211833,40.605,-3.526,1546.0
211846,40.614,-3.516,1607.0
211854,40.621,-3.508,1630.0
211865,40.63,-3.498,1706.0
211875,40.638,-3.488,1775.0
211886,40.65,-3.475,1927.0
211897,40.659,-3.464,2095.0
211907,40.669,-3.453,2240.0
211914,40.676,-3.445,2324.0
211927,40.689,-3.43,2484.0
211937,40.703,-3.414,2674.0
211946,40.711,-3.405,2796.0
211958,40.722,-3.394,2941.0
211966,40.73,-3.384,3040.0
211976,40.738,-3.375,3139.0
211988,40.749,-3.364,3223.0
211998,40.772,-3.339,3329.0
212008,40.786,-3.33,3360.0
212017,40.794,-3.327,3390.0
212027,40.811,-3.322,3451.0
212038,40.827,-3.318,3520.0
212047,40.84,-3.315,3589.0
212058,40.857,-3.31,3703.0
212067,40.87,-3.307,3825.0
212078,40.891,-3.302,3992.0
212089,40.907,-3.298,4091.0
212099,40.924,-3.293,4168.0
212110,40.942,-3.289,4290.0
212124,40.97,-3.282,4518.0
212139,40.993,-3.275,4678.0
212150,41.018,-3.269,4907.0
212160,41.038,-3.263,5059.0
212171,41.055,-3.259,5143.0
212179,41.069,-3.255,5204.0
212190,41.09,-3.25,5341.0
212199,41.104,-3.246,5448.0
212210,41.121,-3.242,5570.0
212220,41.138,-3.237,5661.0
212230,41.153,-3.233,5753.0
212241,41.17,-3.228,5867.0
212250,41.187,-3.224,5974.0
212261,41.208,-3.218,6118.0
212272,41.226,-3.214,6210.0
212281,41.243,-3.209,6286.0
212290,41.255,-3.206,6347.0
212301,41.275,-3.2,6431.0
212310,41.288,-3.197,6477.0
212322,41.307,-3.192,6553.0
212332,41.332,-3.185,6667.0
212341,41.345,-3.182,6743.0
212350,41.359,-3.178,6812.0
212361,41.383,-3.172,6972.0
212373,41.398,-3.167,7086.0
212386,41.438,-3.157,7231.0
212397,41.457,-3.152,7330.0
212413,41.482,-3.145,7467.0
212423,41.5,-3.14,7536.0
212438,41.525,-3.133,7627.0
212447,41.539,-3.129,7673.0
212459,41.558,-3.124,7749.0
212472,41.582,-3.118,7840.0
212484,41.605,-3.112,7932.0
212494,41.623,-3.107,8008.0
212505,41.641,-3.102,8084.0
212524,41.675,-3.093,8176.0
212534,41.695,-3.087,8229.0
212553,41.726,-3.079,8336.0
212564,41.756,-3.071,8435.0
212575,41.774,-3.066,8481.0
212584,41.789,-3.062,8519.0
212594,41.804,-3.058,8564.0
212612,41.834,-3.05,8663.0
212626,41.872,-3.04,8770.0
212634,41.887,-3.035,8831.0
212645,41.905,-3.031,8907.0
212654,41.92,-3.026,8961.0
212664,41.935,-3.022,9014.0
212675,41.957,-3.016,9083.0
212686,41.975,-3.011,9144.0
212695,41.994,-3.006,9212.0
212706,42.013,-3.001,9281.0
212715,42.027,-2.997,9326.0
212726,42.046,-2.992,9387.0
212735,42.06,-2.988,9441.0
212747,42.089,-2.98,9578.0
212757,42.105,-2.976,9646.0
212768,42.12,-2.971,9700.0
212782,42.152,-2.963,9745.0
212792,42.17,-2.958,9745.0
212802,42.189,-2.953,9753.0
212812,42.206,-2.948,9753.0
212827,42.232,-2.941,9761.0
212837,42.25,-2.936,9753.0
212847,42.27,-2.93,9753.0
212857,42.283,-2.927,9753.0
212869,42.319,-2.917,9753.0
212879,42.334,-2.913,9753.0
212891,42.349,-2.908,9753.0
212903,42.37,-2.9,9753.0
212913,42.386,-2.893,9753.0
212924,42.405,-2.883,9753.0
212939,42.44,-2.863,9753.0
212950,42.452,-2.854,9753.0
212967,42.481,-2.832,9753.0
212979,42.495,-2.82,9761.0
213001,42.537,-2.778,9761.0
213019,42.559,-2.752,9753.0
213030,42.576,-2.732,9761.0
213045,42.598,-2.705,9761.0
213054,42.613,-2.688,9753.0
213069,42.633,-2.665,9753.0
213080,42.647,-2.648,9753.0
213094,42.674,-2.617,9753.0
213114,42.699,-2.588,9753.0
213131,42.725,-2.558,9745.0
213145,42.746,-2.532,9745.0
213165,42.773,-2.501,9745.0
213182,42.801,-2.468,9753.0
213199,42.822,-2.443,9745.0
213216,42.844,-2.417,9753.0
213228,42.859,-2.398,9753.0
213236,42.878,-2.376,9745.0
213246,42.886,-2.367,9753.0
213257,42.9,-2.35,9753.0
213272,42.924,-2.321,9753.0
213280,42.936,-2.307,9753.0
213293,42.953,-2.286,9753.0
213308,42.974,-2.262,9753.0
213317,43.0,-2.231,9753.0
213328,43.012,-2.217,9753.0
213337,43.02,-2.207,9753.0
213349,43.04,-2.183,9753.0
213364,43.061,-2.158,9753.0
213378,43.084,-2.13,9753.0
213389,43.102,-2.109,9753.0
213405,43.122,-2.085,9753.0
213424,43.147,-2.054,9753.0
213438,43.169,-2.029,9753.0
213449,43.185,-2.009,9753.0
213464,43.206,-1.984,9753.0
213482,43.233,-1.952,9753.0
213494,43.249,-1.932,9753.0
213505,43.264,-1.913,9753.0
213515,43.278,-1.896,9753.0
213531,43.302,-1.867,9753.0
213544,43.318,-1.848,9753.0
213560,43.348,-1.812,9753.0
213576,43.362,-1.795,9753.0
213590,43.375,-1.781,9753.0
213600,43.412,-1.746,9753.0
213611,43.422,-1.737,9753.0
213622,43.435,-1.725,9753.0
213631,43.46,-1.703,9753.0
213647,43.479,-1.685,9753.0
213656,43.492,-1.673,9753.0
213664,43.505,-1.662,9753.0
213681,43.537,-1.633,9753.0
213691,43.55,-1.621,9753.0
213700,43.562,-1.61,9753.0
213712,43.591,-1.584,9753.0
213721,43.6,-1.576,9753.0
213729,43.611,-1.566,9753.0
213742,43.644,-1.536,9753.0
213753,43.658,-1.523,9753.0
213762,43.667,-1.515,9753.0
213772,43.679,-1.504,9753.0
213789,43.706,-1.479,9753.0
213804,43.729,-1.458,9753.0
213819,43.755,-1.434,9753.0
213833,43.777,-1.415,9753.0
213844,43.794,-1.399,9753.0
213857,43.818,-1.377,9753.0
213873,43.841,-1.356,9753.0
213889,43.861,-1.338,9753.0
213899,43.879,-1.321,9753.0
213909,43.89,-1.311,9753.0
213926,43.932,-1.282,9753.0
213941,43.947,-1.273,9753.0
213950,43.972,-1.259,9799.0
213961,43.986,-1.25,9852.0
213975,44.012,-1.235,9944.0
213986,44.03,-1.224,10012.0
213994,44.043,-1.216,10058.0
214007,44.074,-1.198,10172.0
214015,44.083,-1.192,10210.0
214032,44.108,-1.177,10309.0
214045,44.136,-1.16,10355.0
214059,44.152,-1.15,10363.0
214075,44.181,-1.133,10363.0
214091,44.206,-1.118,10363.0
214102,44.227,-1.105,10363.0
214114,44.248,-1.093,10363.0
214127,44.265,-1.082,10363.0
214138,44.281,-1.073,10363.0
214145,44.293,-1.065,10363.0
214154,44.308,-1.056,10363.0
214173,44.355,-1.028,10363.0
214180,44.367,-1.02,10363.0
214198,44.399,-1.001,10363.0
214224,44.447,-0.972,10370.0
214234,44.462,-0.963,10370.0
214255,44.486,-0.948,10370.0
214267,44.507,-0.936,10370.0
214276,44.521,-0.927,10370.0
214289,44.547,-0.911,10363.0
214303,44.571,-0.896,10363.0
214314,44.593,-0.883,10363.0
214329,44.616,-0.869,10363.0
214344,44.644,-0.851,10363.0
214361,44.675,-0.833,10363.0
214381,44.713,-0.809,10363.0
214396,44.737,-0.795,10363.0
214405,44.754,-0.784,10363.0
214420,44.777,-0.77,10363.0
214434,44.802,-0.755,10363.0
214446,44.822,-0.742,10363.0
214454,44.836,-0.734,10363.0
214467,44.855,-0.721,10363.0
214482,44.884,-0.704,10363.0
214493,44.905,-0.691,10363.0
214499,44.911,-0.687,10363.0
214511,44.943,-0.668,10363.0
214519,44.952,-0.662,10363.0
214532,44.969,-0.651,10363.0
214542,44.981,-0.644,10363.0
214554,45.011,-0.625,10363.0
214574,45.036,-0.61,10363.0
214586,45.052,-0.6,10363.0
214597,45.069,-0.589,10363.0
214604,45.081,-0.581,10363.0
214618,45.106,-0.566,10363.0
214633,45.145,-0.542,10363.0
214643,45.155,-0.536,10363.0
214715,45.279,-0.458,10363.0
214740,45.324,-0.429,10363.0
214756,45.338,-0.421,10363.0
214771,45.376,-0.397,10363.0
214784,45.402,-0.38,10370.0
214801,45.427,-0.364,10363.0
214810,45.444,-0.354,10363.0
214825,45.465,-0.34,10370.0
214841,45.496,-0.321,10370.0
214855,45.523,-0.304,10363.0
214875,45.556,-0.283,10363.0
214890,45.588,-0.262,10363.0
214903,45.606,-0.251,10363.0
214916,45.62,-0.242,10363.0
214932,45.635,-0.232,10363.0
214941,45.686,-0.2,10363.0
214956,45.703,-0.189,10363.0
214976,45.734,-0.169,10363.0
214991,45.761,-0.152,10363.0
214999,45.778,-0.141,10363.0
215011,45.792,-0.132,10363.0
215030,45.831,-0.107,10363.0
215042,45.85,-0.095,10370.0
215052,45.87,-0.082,10363.0
215060,45.885,-0.073,10363.0
215082,45.917,-0.052,10363.0
215091,45.929,-0.044,10363.0
215107,45.951,-0.03,10363.0
215122,45.995,-0.002,10363.0
215134,46.009,0.007,10363.0
215154,46.029,0.019,10363.0
215160,46.039,0.026,10363.0
215174,46.068,0.045,10363.0
215186,46.082,0.054,10363.0
215213,46.137,0.089,10363.0
215229,46.16,0.104,10363.0
215249,46.202,0.132,10363.0
215271,46.226,0.147,10363.0
215280,46.267,0.174,10363.0
215291,46.28,0.182,10363.0
215303,46.299,0.195,10363.0
215320,46.328,0.214,10363.0
215337,46.37,0.241,10363.0
215350,46.39,0.255,10363.0
215361,46.411,0.268,10363.0
215377,46.425,0.277,10363.0
215396,46.438,0.286,10363.0
215413,46.49,0.32,10363.0
215426,46.51,0.334,10363.0
215439,46.532,0.348,10363.0
215458,46.559,0.366,10363.0
215468,46.584,0.382,10363.0
215479,46.597,0.391,10363.0
215489,46.611,0.4,10363.0
215503,46.637,0.413,10363.0
215512,46.651,0.418,10363.0
215526,46.677,0.429,10363.0
215542,46.712,0.444,10363.0
215553,46.726,0.449,10363.0
215571,46.763,0.465,10363.0
215581,46.776,0.47,10363.0
215591,46.794,0.478,10363.0
215603,46.816,0.487,10363.0
215615,46.835,0.495,10363.0
215633,46.872,0.51,10363.0
215641,46.886,0.516,10363.0
215655,46.907,0.525,10363.0
215667,46.939,0.538,10363.0
215678,46.955,0.545,10363.0
215692,46.968,0.55,10363.0
215701,46.994,0.561,10363.0
215718,47.017,0.57,10370.0
215725,47.047,0.583,10370.0
215741,47.078,0.596,10370.0
215755,47.096,0.604,10370.0
215772,47.127,0.617,10370.0
215790,47.156,0.629,10363.0
215805,47.192,0.644,10363.0
215815,47.207,0.651,10363.0
215829,47.229,0.66,10363.0
215841,47.253,0.67,10363.0
215855,47.28,0.681,10363.0
215870,47.306,0.692,10363.0
215879,47.321,0.698,10363.0
215889,47.342,0.707,10363.0
215909,47.377,0.722,10363.0
215922,47.408,0.735,10363.0
215929,47.423,0.742,10363.0
215942,47.444,0.751,10363.0
215952,47.466,0.76,10363.0
215960,47.481,0.766,10363.0
215969,47.496,0.773,10363.0
215982,47.523,0.784,10363.0
215990,47.543,0.793,10363.0
216000,47.556,0.798,10363.0
216011,47.578,0.808,10363.0
216020,47.593,0.814,10363.0
216036,47.607,0.82,10355.0
216048,47.626,0.828,10355.0
216063,47.658,0.842,10355.0
216072,47.676,0.85,10355.0
216084,47.696,0.858,10355.0
216099,47.722,0.87,10355.0
216117,47.759,0.885,10355.0
216128,47.776,0.893,10355.0
216141,47.81,0.907,10363.0
216152,47.824,0.913,10363.0
216170,47.864,0.931,10363.0
216185,47.888,0.941,10363.0
216194,47.907,0.949,10363.0
216206,47.933,0.961,10363.0
216220,47.963,0.974,10363.0
216231,47.976,0.979,10363.0
216248,48.006,0.992,10363.0
216259,48.027,1.002,10363.0
216276,48.057,1.015,10363.0
216287,48.082,1.029,10363.0
216300,48.102,1.043,10363.0
216315,48.129,1.063,10363.0
216326,48.148,1.077,10363.0
216345,48.18,1.1,10370.0
216359,48.193,1.11,10370.0
216376,48.221,1.131,10370.0
216385,48.238,1.143,10370.0
216398,48.263,1.161,10370.0
216406,48.283,1.176,10363.0
216416,48.297,1.186,10363.0
216426,48.315,1.199,10363.0
216436,48.331,1.211,10363.0
216453,48.352,1.227,10363.0
216462,48.376,1.244,10363.0
216475,48.396,1.259,10363.0
216488,48.422,1.278,10363.0
216503,48.445,1.295,10363.0
216518,48.47,1.314,10355.0
216528,48.489,1.328,10363.0
216542,48.512,1.345,10355.0
216555,48.53,1.358,10363.0
216571,48.564,1.384,10363.0
216583,48.591,1.403,10363.0
216598,48.619,1.425,10363.0
216610,48.639,1.439,10363.0
216624,48.664,1.458,10363.0
216639,48.689,1.477,10370.0
216654,48.709,1.492,10370.0
216668,48.727,1.505,10370.0
216676,48.745,1.518,10370.0
216695,48.778,1.543,10370.0
216705,48.797,1.558,10370.0
216714,48.812,1.569,10363.0
216732,48.843,1.592,10363.0
216742,48.856,1.602,10363.0
216756,48.888,1.626,10363.0
216764,48.902,1.637,10363.0
216781,48.93,1.658,10363.0
216792,48.951,1.673,10363.0
216801,48.968,1.686,10363.0
216817,48.992,1.705,10363.0
216827,49.012,1.72,10363.0
216840,49.027,1.731,10363.0
216851,49.048,1.747,10363.0
216861,49.068,1.763,10363.0
216872,49.083,1.774,10363.0
216879,49.096,1.786,10363.0
216889,49.115,1.806,10363.0
216904,49.137,1.831,10363.0
216917,49.155,1.852,10363.0
216925,49.168,1.866,10363.0
216937,49.188,1.888,10363.0
216946,49.2,1.902,10363.0
216961,49.223,1.927,10363.0
216974,49.245,1.951,10363.0
216988,49.265,1.974,10363.0
217004,49.293,2.004,10363.0
217024,49.325,2.039,10363.0
217040,49.346,2.063,10363.0
217050,49.358,2.077,10363.0
217061,49.375,2.095,10363.0
217079,49.404,2.128,10363.0
217091,49.421,2.147,10363.0
217104,49.445,2.174,10363.0
217123,49.477,2.21,10363.0
217133,49.491,2.226,10363.0
217147,49.515,2.252,10363.0
217161,49.542,2.282,10363.0
217174,49.562,2.305,10363.0
217192,49.59,2.337,10363.0
217200,49.604,2.352,10363.0
217210,49.622,2.372,10363.0
217224,49.644,2.398,10363.0
217238,49.666,2.422,10363.0
217247,49.683,2.441,10363.0
217256,49.695,2.455,10363.0
217266,49.714,2.477,10363.0
217276,49.728,2.492,10363.0
217293,49.743,2.51,10363.0
217308,49.777,2.549,10370.0
217319,49.79,2.563,10370.0
217334,49.808,2.584,10370.0
217346,49.832,2.611,10370.0
217358,49.847,2.629,10363.0
217369,49.867,2.651,10370.0
217381,49.885,2.672,10370.0
217397,49.91,2.701,10370.0
217407,49.927,2.72,10370.0
217418,49.949,2.745,10370.0
217428,49.965,2.764,10363.0
217445,49.996,2.8,10363.0
217456,50.008,2.813,10363.0
217470,50.027,2.835,10363.0
217481,50.044,2.854,10363.0
217491,50.061,2.873,10363.0
217501,50.076,2.888,10363.0
217509,50.096,2.909,10355.0
217524,50.118,2.931,10363.0
217540,50.144,2.959,10363.0
217553,50.164,2.979,10363.0
217569,50.195,3.011,10363.0
217581,50.211,3.028,10363.0
217592,50.226,3.045,10363.0
217606,50.247,3.066,10355.0
217619,50.276,3.097,10355.0
217635,50.293,3.116,10363.0
217645,50.311,3.135,10363.0
217663,50.34,3.166,10363.0
217678,50.362,3.19,10363.0
217687,50.378,3.206,10363.0
217701,50.395,3.225,10363.0
217721,50.433,3.266,10363.0
217735,50.456,3.29,10393.0
217747,50.473,3.308,10424.0
217766,50.503,3.341,10462.0
217786,50.528,3.367,10500.0
217796,50.561,3.403,10553.0
217819,50.601,3.446,10614.0
217829,50.614,3.46,10637.0
217850,50.639,3.487,10660.0
217865,50.66,3.51,10668.0
217880,50.684,3.536,10668.0
217890,50.699,3.552,10668.0
217910,50.738,3.594,10668.0
217921,50.749,3.606,10668.0
217940,50.783,3.643,10668.0
217956,50.799,3.661,10668.0
217975,50.831,3.696,10668.0
217990,50.859,3.726,10668.0
218007,50.888,3.758,10668.0
218023,50.914,3.787,10668.0
218043,50.943,3.819,10668.0
218066,50.977,3.856,10668.0
218081,50.999,3.885,10668.0
218094,51.013,3.906,10675.0
218117,51.044,3.948,10675.0
218132,51.063,3.974,10675.0
218142,51.107,4.036,10668.0
218157,51.125,4.059,10668.0
218168,51.14,4.081,10668.0
218184,51.164,4.114,10668.0
218199,51.179,4.135,10660.0
218212,51.202,4.167,10660.0
218234,51.236,4.213,10660.0
218249,51.254,4.239,10660.0
218259,51.268,4.259,10660.0
218274,51.288,4.286,10668.0
218284,51.307,4.312,10668.0
218303,51.336,4.354,10668.0
218314,51.351,4.374,10668.0
218331,51.378,4.412,10668.0
218350,51.407,4.453,10668.0
218364,51.426,4.48,10668.0
218374,51.439,4.499,10675.0
218384,51.456,4.521,10675.0
218398,51.475,4.55,10668.0
218417,51.498,4.582,10668.0
218433,51.514,4.603,10668.0
218443,51.537,4.636,10668.0
218456,51.55,4.655,10668.0
218469,51.572,4.686,10668.0
218482,51.592,4.715,10668.0
218498,51.613,4.745,10668.0
218504,51.625,4.761,10668.0
218523,51.644,4.788,10668.0
218530,51.661,4.813,10660.0
218543,51.678,4.838,10668.0
218559,51.696,4.864,10668.0
218570,51.716,4.893,10668.0
218584,51.736,4.921,10668.0
218598,51.757,4.951,10668.0
218614,51.778,4.981,10668.0
218633,51.811,5.028,10675.0
218649,51.837,5.066,10668.0
218664,51.853,5.088,10668.0
218680,51.885,5.135,10668.0
218691,51.898,5.154,10668.0
218704,51.916,5.181,10668.0
218715,51.934,5.206,10675.0
218729,51.951,5.231,10675.0
218744,51.977,5.269,10675.0
218754,51.985,5.281,10675.0
218770,52.015,5.324,10668.0
218788,52.03,5.346,10668.0
218804,52.049,5.375,10668.0
218815,52.088,5.431,10668.0
218825,52.102,5.451,10668.0
218840,52.125,5.485,10668.0
218855,52.145,5.515,10668.0
218866,52.16,5.537,10660.0
218882,52.182,5.569,10668.0
218891,52.196,5.591,10668.0
218901,52.209,5.609,10660.0
218911,52.218,5.622,10660.0
218923,52.24,5.655,10668.0
218930,52.252,5.672,10668.0
218945,52.272,5.703,10668.0
218955,52.284,5.72,10668.0
218968,52.301,5.746,10668.0
218981,52.324,5.779,10675.0
219055,52.384,5.869,10675.0
219082,52.445,5.96,10668.0
219101,52.5,6.043,10668.0
219121,52.51,6.058,10668.0
219135,52.544,6.109,10668.0
219149,52.554,6.124,10668.0
219167,52.574,6.155,10668.0
219180,52.604,6.2,10660.0
219195,52.625,6.232,10660.0
219209,52.64,6.255,10660.0
219226,52.673,6.305,10668.0
219238,52.681,6.318,10668.0
219256,52.703,6.35,10668.0
219270,52.732,6.395,10668.0
219290,52.773,6.458,10675.0
219306,52.783,6.474,10675.0
219324,52.798,6.497,10675.0
219341,52.817,6.526,10675.0
219357,52.855,6.583,10668.0
219371,52.882,6.625,10668.0
219379,52.892,6.64,10675.0
219398,52.903,6.657,10668.0
219409,52.923,6.688,10668.0
219426,52.954,6.736,10668.0
219436,52.965,6.753,10668.0
219449,52.975,6.77,10668.0
219464,53.016,6.833,10668.0
219476,53.024,6.846,10668.0
219498,53.038,6.867,10668.0
219507,53.077,6.929,10660.0
219527,53.088,6.946,10660.0
219544,53.119,6.993,10668.0
219566,53.162,7.062,10668.0
219575,53.171,7.076,10668.0
219587,53.186,7.099,10668.0
219604,53.198,7.119,10668.0
219620,53.222,7.156,10675.0
219638,53.232,7.173,10675.0
219659,53.274,7.238,10675.0
219678,53.309,7.294,10675.0
219691,53.319,7.311,10675.0
219701,53.327,7.322,10675.0
219715,53.359,7.373,10668.0
219730,53.387,7.418,10668.0
219748,53.395,7.431,10668.0
219762,53.436,7.497,10668.0
219771,53.449,7.518,10668.0
219791,53.459,7.533,10668.0
219808,53.473,7.555,10668.0
219819,53.506,7.609,10668.0
219841,53.528,7.645,10668.0
219861,53.55,7.68,10668.0
219879,53.594,7.751,10668.0
219890,53.605,7.769,10668.0
219909,53.633,7.815,10668.0
219930,53.648,7.839,10668.0
219948,53.69,7.907,10668.0
219971,53.71,7.94,10668.0
219992,53.739,7.987,10668.0
220007,53.766,8.031,10668.0
220019,53.779,8.052,10668.0
220029,53.801,8.089,10668.0
220041,53.811,8.105,10668.0
220058,53.829,8.135,10668.0
220072,53.857,8.182,10668.0
220088,53.867,8.198,10668.0
220102,53.887,8.23,10668.0
220111,53.898,8.25,10668.0
220119,53.909,8.268,10668.0
220135,53.931,8.304,10668.0
220149,53.955,8.344,10668.0
220169,53.973,8.373,10668.0
220184,54.015,8.443,10668.0
220195,54.029,8.466,10668.0
220214,54.055,8.51,10668.0
220230,54.07,8.535,10668.0
220249,54.097,8.581,10668.0
220261,54.108,8.599,10668.0
220280,54.135,8.644,10668.0
220292,54.146,8.664,10668.0
220305,54.169,8.702,10668.0
220317,54.18,8.72,10668.0
220331,54.215,8.78,10675.0
220340,54.224,8.794,10668.0
220364,54.256,8.849,10668.0
220386,54.292,8.916,10668.0
220402,54.308,8.952,10668.0
220412,54.318,8.975,10668.0
220426,54.332,9.006,10668.0
220442,54.348,9.044,10668.0
220450,54.365,9.081,10675.0
220460,54.375,9.103,10675.0
220470,54.382,9.12,10675.0
220481,54.395,9.15,10675.0
220490,54.407,9.175,10668.0
220502,54.417,9.198,10668.0
220519,54.435,9.241,10668.0
220531,54.445,9.261,10668.0
220543,54.47,9.318,10668.0
220550,54.482,9.345,10668.0
220568,54.497,9.38,10668.0
220582,54.514,9.419,10668.0
220594,54.529,9.454,10668.0
220608,54.545,9.49,10668.0
220620,54.554,9.512,10668.0
220634,54.573,9.555,10668.0
220647,54.58,9.572,10668.0
220662,54.61,9.64,10668.0
220680,54.626,9.678,10668.0
220694,54.643,9.717,10668.0
220710,54.659,9.752,10668.0
220728,54.679,9.8,10660.0
220739,54.687,9.819,10637.0
220750,54.702,9.853,10568.0
220763,54.716,9.887,10469.0
220776,54.729,9.916,10386.0
220788,54.745,9.954,10264.0
220805,54.756,9.979,10081.0
220819,54.797,10.074,9243.0
220837,54.813,10.113,9014.0
220845,54.823,10.135,8892.0
220861,54.841,10.178,8694.0
220870,54.855,10.211,8549.0
220880,54.864,10.233,8442.0
220893,54.878,10.266,8267.0
220901,54.888,10.289,8153.0
220913,54.901,10.321,7993.0
220921,54.909,10.339,7917.0
220932,54.926,10.38,7749.0
220940,54.934,10.398,7680.0
220950,54.944,10.423,7574.0
220962,54.958,10.457,7444.0
220973,54.968,10.481,7345.0
220989,54.99,10.534,7132.0
221001,54.999,10.555,7056.0
221019,55.013,10.588,6918.0
221039,55.032,10.633,6743.0
221052,55.049,10.674,6576.0
221061,55.055,10.688,6522.0
221079,55.071,10.727,6370.0
221095,55.089,10.772,6210.0
221109,55.103,10.806,6080.0
221120,55.113,10.83,5996.0
221134,55.127,10.863,5875.0
221145,55.139,10.893,5768.0
221170,55.165,10.956,5608.0
221181,55.175,10.979,5516.0
221192,55.185,11.004,5379.0
221205,55.195,11.029,5273.0
221221,55.219,11.088,5067.0
221229,55.232,11.118,4953.0
221245,55.246,11.153,4838.0
221260,55.261,11.189,4709.0
221273,55.271,11.214,4617.0
221291,55.293,11.268,4419.0
221305,55.304,11.296,4328.0
221314,55.31,11.31,4282.0
221327,55.325,11.348,4145.0
221335,55.331,11.361,4099.0
221357,55.348,11.403,3954.0
221383,55.373,11.466,3733.0
221399,55.384,11.494,3634.0
221419,55.409,11.557,3467.0
221436,55.422,11.588,3429.0
221448,55.429,11.607,3383.0
221456,55.436,11.623,3345.0
221469,55.449,11.644,3276.0
221480,55.46,11.657,3230.0
221491,55.474,11.675,3185.0
221501,55.481,11.689,3147.0
221512,55.488,11.711,3101.0
221526,55.501,11.749,2971.0
221538,55.509,11.773,2887.0
221550,55.517,11.796,2804.0
221566,55.526,11.824,2674.0
221576,55.534,11.845,2583.0
221585,55.539,11.861,2529.0
221601,55.55,11.89,2461.0
221609,55.556,11.907,2446.0
221620,55.565,11.931,2438.0
221631,55.57,11.947,2438.0
221647,55.594,12.013,2438.0
221658,55.6,12.028,2438.0
221667,55.605,12.041,2438.0
221680,55.612,12.061,2438.0
221698,55.626,12.1,2438.0
221708,55.632,12.116,2438.0
221722,55.643,12.146,2438.0
221733,55.651,12.169,2438.0
221747,55.659,12.191,2438.0
221755,55.664,12.205,2438.0
221766,55.674,12.233,2438.0
221776,55.68,12.25,2438.0
221789,55.687,12.268,2438.0
221803,55.697,12.296,2438.0
221813,55.703,12.315,2438.0
221829,55.715,12.348,2369.0
221840,55.721,12.364,2331.0
221853,55.728,12.386,2278.0
221864,55.737,12.409,2225.0
221879,55.743,12.426,2186.0
221890,55.756,12.462,2087.0
221901,55.762,12.478,2034.0
221920,55.774,12.51,1927.0
221945,55.786,12.544,1813.0
221959,55.798,12.579,1706.0
221979,55.806,12.606,1615.0
221994,55.817,12.672,1447.0
222009,55.817,12.695,1402.0
222025,55.814,12.729,1318.0
222034,55.811,12.745,1280.0
222045,55.806,12.767,1242.0
222061,55.802,12.79,1203.0
222072,55.795,12.822,1143.0
222084,55.791,12.839,1089.0
222102,55.782,12.864,1036.0
222115,55.771,12.871,1005.0
222129,55.76,12.869,967.0
222149,55.747,12.856,914.0
222165,55.737,12.842,876.0
222183,55.727,12.826,815.0
222197,55.719,12.813,746.0
222212,55.711,12.8,670.0
222224,55.702,12.787,601.0
222241,55.695,12.775,541.0
222254,55.687,12.763,464.0
222272,55.678,12.75,403.0
222288,55.671,12.738,350.0
222309,55.663,12.725,274.0
222324,55.656,12.715,220.0
222342,55.648,12.703,160.0
222362,55.641,12.691,99.0
222378,55.628,12.672,0.0
299073,40.495,-3.558,0.0
299191,40.472,-3.535,739.0
299200,40.466,-3.529,830.0
299210,40.46,-3.523,944.0
299220,40.455,-3.518,1036.0
299232,40.446,-3.507,1143.0
299246,40.439,-3.5,1234.0
299256,40.431,-3.491,1348.0
299266,40.426,-3.482,1447.0
299278,40.419,-3.466,1516.0
299285,40.417,-3.459,1539.0
299297,40.41,-3.442,1600.0
299307,40.406,-3.428,1653.0
299322,40.399,-3.408,1744.0
299329,40.395,-3.384,1965.0
299349,40.399,-3.359,2171.0
299363,40.407,-3.34,2369.0
299379,40.429,-3.32,2651.0
299389,40.44,-3.315,2788.0
299400,40.453,-3.311,2926.0
299410,40.468,-3.308,3139.0
299419,40.482,-3.307,3276.0
299435,40.501,-3.305,3467.0
299445,40.52,-3.303,3680.0
299454,40.528,-3.303,3741.0
299465,40.543,-3.301,3771.0
299475,40.556,-3.299,3810.0
299490,40.58,-3.296,3901.0
299506,40.606,-3.291,4122.0
299515,40.623,-3.287,4244.0
299526,40.638,-3.284,4358.0
299534,40.653,-3.281,4465.0
299545,40.671,-3.277,4617.0
299556,40.69,-3.274,4815.0
299566,40.707,-3.271,4930.0
299576,40.723,-3.268,5036.0
299586,40.745,-3.264,5166.0
299597,40.762,-3.261,5265.0
299605,40.773,-3.26,5326.0
299617,40.799,-3.255,5524.0
299626,40.812,-3.253,5615.0
299637,40.828,-3.25,5692.0
299647,40.86,-3.245,5844.0
299657,40.878,-3.242,5958.0
299667,40.891,-3.239,6050.0
299676,40.904,-3.236,6156.0
299688,40.928,-3.23,6278.0
299698,40.941,-3.227,6316.0
299705,40.962,-3.222,6400.0
299718,40.989,-3.216,6583.0
299728,41.004,-3.212,6644.0
299739,41.025,-3.208,6713.0
299751,41.051,-3.202,6827.0
299768,41.083,-3.195,6979.0
299778,41.099,-3.191,7071.0
299788,41.125,-3.185,7170.0
299803,41.156,-3.178,7322.0
299812,41.174,-3.174,7391.0
299821,41.193,-3.17,7444.0
299834,41.219,-3.164,7543.0
299853,41.26,-3.155,7772.0
299864,41.283,-3.15,7894.0
299875,41.301,-3.146,7955.0
299885,41.325,-3.14,8016.0
299900,41.356,-3.133,8130.0
299911,41.375,-3.129,8206.0
299920,41.397,-3.124,8275.0
299929,41.42,-3.119,8343.0
299944,41.453,-3.111,8450.0
299955,41.472,-3.107,8503.0
299966,41.493,-3.102,8580.0
299975,41.515,-3.097,8671.0
299986,41.54,-3.091,8816.0
299996,41.562,-3.086,8945.0
300006,41.581,-3.082,9060.0
300022,41.615,-3.074,9250.0
300032,41.647,-3.066,9425.0
300041,41.668,-3.061,9509.0
300053,41.687,-3.057,9578.0
300062,41.712,-3.052,9646.0
300073,41.739,-3.046,9761.0
300081,41.755,-3.042,9822.0
300093,41.775,-3.037,9898.0
300103,41.794,-3.033,9982.0
300113,41.817,-3.028,10050.0
300123,41.835,-3.024,10119.0
300133,41.854,-3.019,10226.0
300148,41.884,-3.012,10325.0
300159,41.904,-3.007,10355.0
300172,41.932,-3.001,10363.0
300184,41.956,-2.995,10363.0
300194,41.978,-2.99,10363.0
300209,42.005,-2.984,10363.0
300220,42.031,-2.978,10363.0
300233,42.056,-2.973,10363.0
300243,42.08,-2.967,10363.0
300258,42.11,-2.96,10363.0
300273,42.131,-2.955,10363.0
300284,42.173,-2.946,10363.0
300301,42.201,-2.939,10363.0
300310,42.217,-2.935,10363.0
300320,42.233,-2.932,10363.0
300331,42.255,-2.926,10363.0
300340,42.276,-2.921,10363.0
300351,42.293,-2.916,10363.0
300371,42.347,-2.895,10363.0
300382,42.368,-2.885,10363.0
300391,42.382,-2.879,10363.0
300402,42.414,-2.861,10370.0
300411,42.431,-2.85,10370.0
300421,42.451,-2.837,10370.0
300432,42.47,-2.824,10378.0
300441,42.486,-2.812,10378.0
300451,42.504,-2.797,10378.0
300460,42.527,-2.778,10378.0
300473,42.548,-2.758,10378.0
300482,42.568,-2.738,10370.0
300493,42.585,-2.72,10370.0
300501,42.6,-2.703,10370.0
300518,42.631,-2.665,10370.0
300527,42.646,-2.648,10370.0
300538,42.665,-2.625,10363.0
300556,42.683,-2.602,10363.0
300578,42.72,-2.558,10355.0
300593,42.759,-2.511,10347.0
300607,42.766,-2.502,10347.0
300624,42.82,-2.436,10355.0
300634,42.837,-2.415,10355.0
300650,42.863,-2.383,10355.0
300669,42.891,-2.349,10355.0
300680,42.907,-2.329,10355.0
300694,42.944,-2.284,10363.0
300705,42.96,-2.265,10363.0
300715,42.974,-2.247,10363.0
300724,42.988,-2.231,10363.0
300735,43.005,-2.209,10370.0
300744,43.02,-2.191,10370.0
300761,43.052,-2.151,10370.0
300771,43.068,-2.131,10370.0
300780,43.081,-2.115,10370.0
300791,43.097,-2.095,10370.0
300801,43.118,-2.069,10363.0
300811,43.135,-2.048,10363.0
300820,43.151,-2.029,10363.0
300832,43.171,-2.004,10363.0
300842,43.192,-1.978,10363.0
300852,43.205,-1.962,10363.0
300863,43.222,-1.94,10363.0
300873,43.242,-1.916,10363.0
300882,43.26,-1.893,10363.0
300892,43.271,-1.88,10363.0
300900,43.28,-1.869,10363.0
300919,43.324,-1.83,10370.0
300932,43.346,-1.814,10378.0
300943,43.368,-1.798,10378.0
300954,43.382,-1.787,10378.0
300968,43.426,-1.754,10370.0
300979,43.447,-1.738,10370.0
300994,43.468,-1.721,10378.0
301004,43.49,-1.704,10370.0
301019,43.517,-1.684,10370.0
301034,43.55,-1.658,10370.0
301044,43.573,-1.64,10370.0
301055,43.596,-1.622,10408.0
301064,43.613,-1.61,10469.0
301075,43.633,-1.594,10523.0
301085,43.655,-1.577,10568.0
301094,43.672,-1.564,10607.0
301105,43.692,-1.549,10660.0
301115,43.716,-1.53,10736.0
301126,43.737,-1.514,10805.0
301135,43.752,-1.502,10850.0
301146,43.777,-1.483,10919.0
301161,43.809,-1.458,10995.0
301170,43.821,-1.449,11018.0
301180,43.846,-1.429,11064.0
301191,43.87,-1.411,11125.0
301200,43.886,-1.399,11155.0
301211,43.901,-1.387,11193.0
301222,43.943,-1.354,11323.0
301236,43.962,-1.34,11399.0
301244,43.978,-1.327,11460.0
301256,43.994,-1.314,11521.0
301271,44.027,-1.289,11574.0
301280,44.042,-1.276,11582.0
301293,44.071,-1.254,11582.0
301303,44.09,-1.239,11582.0
301313,44.111,-1.223,11582.0
301323,44.136,-1.203,11582.0
301331,44.15,-1.192,11582.0
301347,44.177,-1.171,11582.0
301358,44.201,-1.152,11582.0
301368,44.22,-1.137,11582.0
301379,44.237,-1.123,11582.0
301391,44.275,-1.093,11582.0
301408,44.303,-1.071,11582.0
301422,44.33,-1.049,11582.0
301431,44.352,-1.032,11582.0
301444,44.376,-1.013,11590.0
301455,44.4,-0.994,11590.0
301464,44.414,-0.983,11597.0
301479,44.445,-0.959,11597.0
301489,44.467,-0.941,11597.0
301500,44.489,-0.924,11597.0
301509,44.511,-0.906,11597.0
301521,44.525,-0.895,11597.0
301538,44.574,-0.856,11590.0
301548,44.591,-0.842,11590.0
301559,44.607,-0.829,11582.0
301574,44.634,-0.807,11582.0
301584,44.656,-0.79,11582.0
301602,44.697,-0.757,11582.0
301609,44.709,-0.747,11582.0
301619,44.732,-0.729,11582.0
301629,44.749,-0.715,11582.0
301641,44.777,-0.693,11582.0
301655,44.801,-0.673,11582.0
301671,44.833,-0.647,11582.0
301685,44.863,-0.623,11574.0
301701,44.894,-0.597,11582.0
301717,44.93,-0.569,11582.0
301727,44.948,-0.554,11574.0
301737,44.962,-0.543,11582.0
301749,45.005,-0.508,11574.0
301760,45.019,-0.496,11582.0
301771,45.036,-0.482,11582.0
301782,45.056,-0.466,11582.0
301791,45.076,-0.45,11582.0
301800,45.097,-0.432,11582.0
301810,45.116,-0.417,11582.0
301823,45.139,-0.398,11582.0
301834,45.16,-0.381,11582.0
301853,45.202,-0.347,11574.0
301867,45.226,-0.327,11574.0
301876,45.254,-0.304,11582.0
301889,45.272,-0.289,11582.0
301904,45.306,-0.261,11582.0
301919,45.33,-0.241,11582.0
301933,45.365,-0.212,11574.0
301945,45.384,-0.198,11574.0
301958,45.426,-0.172,11582.0
301968,45.442,-0.163,11582.0
301987,45.472,-0.145,11582.0
301997,45.497,-0.13,11582.0
302004,45.51,-0.122,11582.0
302026,45.561,-0.092,11582.0
302045,45.599,-0.069,11582.0
302057,45.622,-0.056,11582.0
302069,45.647,-0.041,11590.0
302080,45.686,-0.018,11590.0
302095,45.708,-0.004,11597.0
302114,45.75,0.02,11590.0
302126,45.766,0.029,11590.0
302138,45.805,0.053,11582.0
302149,45.816,0.06,11582.0
302168,45.844,0.076,11582.0
302182,45.903,0.112,11582.0
302194,45.919,0.122,11582.0
302214,45.942,0.136,11574.0
302224,45.974,0.155,11574.0
302250,46.036,0.193,11567.0
302261,46.049,0.201,11567.0
302282,46.086,0.223,11574.0
302305,46.138,0.255,11574.0
302322,46.19,0.286,11529.0
302341,46.226,0.309,11452.0
302355,46.259,0.329,11384.0
302371,46.287,0.346,11323.0
302381,46.318,0.366,11254.0
302394,46.333,0.375,11216.0
302405,46.351,0.386,11178.0
302426,46.421,0.429,11010.0
302439,46.442,0.442,10957.0
302451,46.459,0.452,10919.0
302460,46.474,0.461,10881.0
302477,46.523,0.492,10690.0
302497,46.553,0.511,10561.0
302506,46.582,0.529,10431.0
302514,46.595,0.537,10378.0
302531,46.617,0.551,10279.0
302541,46.654,0.573,10126.0
302560,46.677,0.588,10035.0
302570,46.728,0.619,9814.0
302583,46.744,0.629,9745.0
302601,46.779,0.651,9608.0
302614,46.798,0.663,9525.0
302627,46.838,0.688,9349.0
302640,46.856,0.7,9281.0
302649,46.874,0.711,9204.0
302671,46.917,0.738,9037.0
302688,46.949,0.758,8900.0
302701,46.971,0.772,8808.0
302711,47.004,0.793,8671.0
302721,47.021,0.804,8602.0
302735,47.045,0.819,8549.0
302745,47.089,0.847,8534.0
302756,47.106,0.858,8534.0
302764,47.123,0.869,8534.0
302775,47.142,0.88,8526.0
302792,47.176,0.902,8458.0
302800,47.195,0.914,8374.0
302811,47.209,0.923,8321.0
302824,47.24,0.943,8199.0
302840,47.268,0.961,8092.0
302856,47.326,0.997,7848.0
302869,47.342,1.008,7780.0
302886,47.374,1.028,7650.0
302900,47.406,1.049,7520.0
302913,47.42,1.058,7452.0
302924,47.435,1.067,7383.0
302941,47.465,1.083,7261.0
302952,47.501,1.101,7101.0
302963,47.515,1.108,7033.0
302974,47.532,1.116,6964.0
302991,47.571,1.136,6797.0
303002,47.587,1.144,6736.0
303018,47.615,1.158,6614.0
303029,47.637,1.169,6522.0
303041,47.662,1.182,6416.0
303054,47.682,1.192,6324.0
303065,47.713,1.208,6179.0
303081,47.735,1.22,6088.0
303096,47.773,1.239,5935.0
303108,47.786,1.246,5882.0
303120,47.799,1.252,5821.0
303143,47.864,1.285,5524.0
303153,47.877,1.292,5471.0
303169,47.91,1.309,5303.0
303179,46.515,1.231,11277.0
303185,46.505,1.223,11277.0
303194,46.492,1.212,11277.0
303202,46.479,1.201,11277.0
303210,47.959,1.335,5052.0
303220,48.005,1.362,4823.0
303226,48.01,1.366,4792.0
303233,48.018,1.373,4754.0
303244,48.029,1.384,4701.0
303257,48.046,1.4,4610.0
303275,48.079,1.433,4419.0
303293,48.099,1.452,4305.0
303309,48.116,1.468,4198.0
303320,48.131,1.482,4114.0
303339,48.159,1.509,3939.0
303354,48.174,1.523,3840.0
303368,48.195,1.544,3718.0
303388,48.224,1.571,3550.0
303399,48.237,1.583,3474.0
303411,48.251,1.597,3398.0
303424,48.269,1.615,3360.0
303440,48.286,1.631,3352.0
303454,48.31,1.654,3352.0
303474,48.345,1.687,3352.0
303490,48.366,1.707,3352.0
303510,48.38,1.72,3352.0
303525,48.406,1.746,3352.0
303541,48.42,1.76,3352.0
303561,48.442,1.781,3352.0
303577,48.485,1.823,3352.0
303592,48.499,1.836,3352.0
303606,48.514,1.85,3345.0
303623,48.539,1.883,3352.0
303635,48.544,1.897,3352.0
303647,48.548,1.92,3352.0
303659,48.549,1.941,3352.0
303677,48.552,1.994,3352.0
303695,48.554,2.023,3352.0
303704,48.556,2.061,3352.0
303715,48.558,2.079,3352.0
303733,48.56,2.11,3352.0
303751,48.563,2.158,3352.0
303763,48.565,2.18,3352.0
303771,48.566,2.201,3352.0
303787,48.569,2.236,3352.0
303804,48.571,2.271,3352.0
303817,48.572,2.289,3352.0
303830,48.574,2.317,3352.0
303839,48.575,2.338,3352.0
303850,48.577,2.368,3352.0
303870,48.58,2.401,3345.0
303880,48.584,2.445,3261.0
303897,48.587,2.467,3185.0
303906,48.589,2.482,3116.0
303914,48.591,2.496,3070.0
303925,48.595,2.518,2987.0
303935,48.6,2.537,2918.0
303953,48.613,2.599,2674.0
303970,48.619,2.624,2583.0
303982,48.623,2.645,2506.0
303989,48.626,2.66,2446.0
304005,48.635,2.7,2278.0
304017,48.638,2.715,2217.0
304026,48.644,2.742,2125.0
304037,48.647,2.758,2057.0
304057,48.658,2.807,1874.0
304068,48.661,2.82,1813.0
304083,48.669,2.838,1729.0
304103,48.697,2.862,1478.0
304124,48.727,2.855,1318.0
304138,48.737,2.85,1295.0
304166,48.761,2.839,1257.0
304182,48.779,2.823,1257.0
304211,48.79,2.79,1249.0
304221,48.791,2.761,1249.0
304238,48.79,2.749,1249.0
304253,48.787,2.735,1249.0
304265,48.784,2.712,1249.0
304281,48.781,2.697,1242.0
304296,48.778,2.683,1249.0
304311,48.774,2.658,1226.0
304328,48.771,2.644,1165.0
304340,48.769,2.631,1097.0
304352,48.767,2.618,1043.0
304370,48.762,2.593,929.0
304385,48.76,2.58,876.0
304398,48.757,2.566,822.0
304415,48.753,2.545,739.0
304434,48.749,2.52,632.0
304452,48.746,2.506,579.0
304469,48.744,2.494,533.0
304482,48.739,2.464,411.0
304503,48.736,2.453,365.0
304516,48.733,2.436,304.0
304535,48.732,2.426,251.0
304551,48.729,2.414,205.0
304617,48.721,2.37,0.0
