2967
25281,45.508,12.356,0.0
25291,45.513,12.363,106.0
25301,45.519,12.371,236.0
25311,45.524,12.378,350.0
25322,45.53,12.387,426.0
25331,45.534,12.397,487.0
25342,45.536,12.41,548.0
25352,45.535,12.424,601.0
25362,45.533,12.439,739.0
25372,45.531,12.454,883.0
25382,45.53,12.468,1013.0
25393,45.528,12.488,1196.0
25403,45.526,12.504,1325.0
25413,45.521,12.52,1402.0
25423,45.513,12.532,1485.0
25433,45.502,12.539,1600.0
25443,45.49,12.539,1729.0
25454,45.477,12.537,1889.0
25468,45.46,12.531,2110.0
25484,45.442,12.526,2324.0
25504,45.415,12.52,2476.0
25524,45.386,12.512,2606.0
25535,45.371,12.501,2766.0
25545,45.36,12.486,2910.0
25555,45.351,12.469,3063.0
25565,45.344,12.451,3238.0
25575,45.336,12.434,3375.0
25586,45.328,12.415,3497.0
25596,45.321,12.398,3589.0
25606,45.313,12.38,3695.0
25616,45.306,12.363,3817.0
25626,45.297,12.344,3924.0
25636,45.289,12.325,4030.0
25646,45.282,12.307,4145.0
25656,45.273,12.289,4274.0
25666,45.265,12.27,4396.0
25676,45.257,12.251,4526.0
25686,45.249,12.232,4671.0
25695,45.241,12.213,4770.0
25706,45.232,12.194,4853.0
25717,45.222,12.17,4968.0
25725,45.215,12.154,5044.0
25736,45.207,12.134,5143.0
25745,45.197,12.113,5265.0
25756,45.189,12.093,5372.0
25768,45.178,12.068,5501.0
25778,45.169,12.048,5600.0
25788,45.161,12.029,5684.0
25798,45.151,12.006,5798.0
25808,45.142,11.986,5875.0
25818,45.133,11.964,5966.0
25828,45.123,11.943,6057.0
25838,45.114,11.922,6149.0
25848,45.105,11.9,6240.0
25857,45.095,11.879,6332.0
25867,45.086,11.857,6423.0
25883,45.07,11.822,6576.0
25894,45.061,11.801,6690.0
25908,45.046,11.768,6842.0
25924,45.032,11.734,6949.0
25934,45.022,11.711,7018.0
25954,45.001,11.665,7193.0
25974,44.982,11.621,7353.0
25984,44.971,11.596,7429.0
25994,44.961,11.575,7498.0
26004,44.951,11.551,7574.0
26015,44.938,11.523,7665.0
26025,44.928,11.499,7741.0
26035,44.918,11.478,7810.0
26046,44.907,11.452,7894.0
26054,44.898,11.433,7955.0
26065,44.887,11.407,8039.0
26076,44.875,11.38,8130.0
26085,44.864,11.356,8214.0
26095,44.853,11.332,8290.0
26106,44.843,11.31,8366.0
26116,44.832,11.284,8442.0
26126,44.822,11.262,8496.0
26136,44.81,11.236,8564.0
26146,44.799,11.212,8625.0
26156,44.788,11.187,8686.0
26165,44.778,11.164,8747.0
26175,44.768,11.141,8808.0
26185,44.755,11.114,8884.0
26195,44.744,11.089,8961.0
26206,44.734,11.065,9022.0
26216,44.723,11.042,9075.0
26226,44.711,11.016,9128.0
26236,44.701,10.993,9174.0
26246,44.69,10.968,9227.0
26256,44.678,10.942,9288.0
26268,44.665,10.914,9357.0
26276,44.655,10.892,9418.0
26284,44.647,10.873,9479.0
26298,44.63,10.837,9585.0
26307,44.619,10.813,9669.0
26318,44.608,10.789,9745.0
26327,44.597,10.764,9822.0
26343,44.579,10.725,9951.0
26354,44.568,10.701,10027.0
26374,44.546,10.653,10149.0
26393,44.526,10.608,10187.0
26404,44.512,10.577,10241.0
26424,44.489,10.529,10355.0
26445,44.464,10.475,10477.0
26454,44.456,10.457,10523.0
26469,44.437,10.416,10591.0
26484,44.421,10.382,10614.0
26494,44.41,10.357,10645.0
26506,44.396,10.327,10675.0
26516,44.384,10.302,10721.0
26524,44.377,10.285,10767.0
26534,44.364,10.258,10858.0
26546,44.351,10.229,10934.0
26554,44.342,10.21,10972.0
26566,44.328,10.18,11010.0
26576,44.316,10.155,11049.0
26584,44.308,10.139,11079.0
26596,44.293,10.11,11125.0
26605,44.279,10.085,11170.0
26616,44.266,10.062,11209.0
26626,44.253,10.04,11247.0
26636,44.239,10.016,11269.0
26646,44.227,9.996,11277.0
26662,44.205,9.958,11277.0
26673,44.193,9.937,11277.0
26682,44.178,9.912,11277.0
26692,44.165,9.89,11277.0
26700,44.153,9.869,11277.0
26712,44.137,9.842,11277.0
26723,44.124,9.819,11277.0
26732,44.11,9.796,11277.0
26742,44.096,9.773,11277.0
26752,44.084,9.751,11277.0
26764,44.067,9.723,11277.0
26778,44.048,9.69,11277.0
26794,44.027,9.655,11277.0
26808,44.007,9.621,11285.0
26818,43.993,9.598,11285.0
26834,43.971,9.561,11285.0
26854,43.944,9.514,11285.0
26873,43.918,9.47,11277.0
26884,43.904,9.447,11277.0
26894,43.889,9.422,11277.0
26904,43.875,9.399,11277.0
26919,43.857,9.369,11277.0
26930,43.84,9.34,11277.0
26941,43.835,9.331,11277.0
26957,43.823,9.311,11277.0
26973,43.797,9.269,11277.0
26982,43.779,9.237,11277.0
27000,43.772,9.226,11277.0
27015,43.749,9.189,11277.0
27031,43.702,9.109,11269.0
27040,43.688,9.086,11269.0
27050,43.673,9.061,11277.0
27060,43.659,9.039,11277.0
27070,43.644,9.016,11277.0
27082,43.626,8.991,11277.0
27091,43.613,8.974,11277.0
27100,43.597,8.953,11277.0
27110,43.583,8.935,11285.0
27121,43.566,8.913,11285.0
27136,43.54,8.879,11285.0
27144,43.526,8.861,11285.0
27158,43.506,8.834,11277.0
27164,43.497,8.822,11277.0
27178,43.473,8.791,11277.0
27188,43.458,8.772,11269.0
27198,43.44,8.748,11277.0
27208,43.426,8.731,11277.0
27218,43.408,8.707,11277.0
27228,43.392,8.686,11277.0
27243,43.368,8.656,11277.0
27257,43.345,8.625,11277.0
27269,43.326,8.6,11277.0
27285,43.302,8.57,11277.0
27300,43.277,8.538,11285.0
27316,43.249,8.502,11285.0
27329,43.23,8.477,11285.0
27345,43.204,8.444,11285.0
27355,43.188,8.423,11285.0
27374,43.158,8.384,11285.0
27390,43.132,8.352,11285.0
27404,43.108,8.321,11277.0
27414,43.093,8.302,11285.0
27430,43.066,8.268,11277.0
27440,43.051,8.248,11277.0
27455,43.028,8.219,11285.0
27467,43.009,8.195,11285.0
27479,42.99,8.17,11292.0
27497,42.96,8.132,11285.0
27507,42.946,8.114,11277.0
27515,42.932,8.097,11277.0
27525,42.916,8.077,11285.0
27537,42.899,8.055,11277.0
27558,42.867,8.014,11277.0
27570,42.849,7.991,11277.0
27586,42.825,7.962,11277.0
27602,42.801,7.932,11277.0
27617,42.776,7.9,11277.0
27627,42.76,7.88,11277.0
27642,42.739,7.853,11277.0
27651,42.724,7.834,11277.0
27675,42.693,7.796,11262.0
27688,42.672,7.769,11262.0
27697,42.654,7.747,11262.0
27709,42.638,7.727,11262.0
27727,42.609,7.691,11262.0
27739,42.593,7.671,11269.0
27758,42.564,7.634,11277.0
27770,42.546,7.612,11277.0
27782,42.527,7.589,11277.0
27794,42.509,7.566,11277.0
27810,42.484,7.535,11277.0
27826,42.459,7.505,11277.0
27834,42.448,7.49,11285.0
27856,42.413,7.448,11277.0
27864,42.402,7.434,11277.0
27874,42.386,7.414,11277.0
27890,42.362,7.383,11277.0
27902,42.345,7.359,11277.0
27910,42.335,7.344,11269.0
27930,42.306,7.299,11269.0
27940,42.293,7.279,11277.0
27952,42.276,7.252,11277.0
27960,42.265,7.236,11277.0
27981,42.236,7.19,11277.0
27995,42.218,7.162,11285.0
28022,42.181,7.104,11292.0
28029,42.169,7.086,11285.0
28042,42.153,7.06,11285.0
28049,42.142,7.044,11285.0
28061,42.127,7.019,11285.0
28071,42.113,6.997,11277.0
28083,42.095,6.971,11277.0
28097,42.077,6.943,11277.0
28112,42.057,6.912,11277.0
28124,42.042,6.887,11277.0
28136,42.024,6.86,11277.0
28174,41.971,6.779,11269.0
28188,41.952,6.749,11277.0
28202,41.932,6.719,11269.0
28214,41.916,6.693,11269.0
28224,41.901,6.671,11269.0
28240,41.879,6.637,11269.0
28254,41.859,6.607,11277.0
28270,41.837,6.573,11285.0
28284,41.816,6.541,11285.0
28296,41.799,6.515,11285.0
28304,41.788,6.498,11285.0
28314,41.774,6.476,11285.0
28336,41.744,6.431,11285.0
28350,41.724,6.399,11285.0
28361,41.708,6.376,11285.0
28370,41.694,6.354,11285.0
28380,41.679,6.332,11285.0
28392,41.663,6.307,11285.0
28406,41.642,6.275,11285.0
28417,41.625,6.25,11285.0
28446,41.586,6.191,11285.0
28465,41.556,6.145,11277.0
28497,41.51,6.076,11277.0
28514,41.486,6.041,11277.0
28548,41.44,5.97,11269.0
28562,41.417,5.936,11277.0
28572,41.402,5.914,11277.0
28582,41.39,5.896,11277.0
28602,41.359,5.849,11277.0
28635,41.313,5.781,11277.0
28689,41.235,5.664,11285.0
28704,41.21,5.627,11277.0
28722,41.183,5.587,11277.0
28734,41.166,5.562,11277.0
28744,41.151,5.54,11277.0
28760,41.127,5.505,11277.0
28770,41.113,5.483,11277.0
28786,41.09,5.45,11277.0
28806,41.06,5.407,11277.0
28814,41.049,5.389,11277.0
28830,41.025,5.355,11277.0
28846,41.002,5.32,11277.0
28854,40.99,5.303,11277.0
28872,40.964,5.265,11277.0
28880,40.953,5.248,11277.0
28892,40.935,5.222,11277.0
28900,40.923,5.205,11277.0
28912,40.906,5.179,11277.0
28920,40.894,5.163,11277.0
28930,40.88,5.141,11277.0
28940,40.865,5.12,11277.0
28953,40.848,5.096,11277.0
28969,40.825,5.061,11277.0
28987,40.798,5.022,11277.0
28997,40.784,5.001,11269.0
29009,40.767,4.974,11277.0
29024,40.748,4.936,11277.0
29040,40.731,4.898,11277.0
29054,40.716,4.864,11277.0
29072,40.697,4.818,11285.0
29084,40.684,4.79,11277.0
29102,40.665,4.744,11277.0
29114,40.653,4.715,11277.0
29130,40.638,4.68,11277.0
29142,40.623,4.646,11269.0
29152,40.613,4.622,11269.0
29164,40.6,4.592,11269.0
29178,40.585,4.558,11269.0
29190,40.572,4.528,11269.0
29201,40.562,4.504,11277.0
29211,40.551,4.479,11277.0
29220,40.541,4.455,11277.0
29230,40.53,4.43,11277.0
29241,40.519,4.405,11277.0
29251,40.51,4.385,11277.0
29259,40.501,4.362,11285.0
29269,40.49,4.337,11285.0
29281,40.477,4.308,11285.0
29289,40.468,4.287,11285.0
29301,40.456,4.259,11277.0
29311,40.445,4.234,11277.0
29321,40.434,4.209,11277.0
29331,40.424,4.185,11277.0
29339,40.415,4.165,11277.0
29350,40.403,4.136,11277.0
29362,40.39,4.107,11277.0
29372,40.38,4.083,11277.0
29382,40.368,4.058,11277.0
29390,40.36,4.038,11277.0
29402,40.347,4.009,11277.0
29412,40.336,3.985,11277.0
29420,40.328,3.966,11277.0
29432,40.315,3.936,11277.0
29442,40.304,3.912,11277.0
29452,40.294,3.888,11277.0
29462,40.283,3.862,11277.0
29470,40.274,3.843,11277.0
29480,40.263,3.818,11277.0
29494,40.249,3.785,11285.0
29513,40.229,3.74,11285.0
29523,40.218,3.715,11277.0
29537,40.203,3.681,11277.0
29553,40.186,3.643,11277.0
29564,40.172,3.612,11277.0
29574,40.164,3.593,11277.0
29587,40.148,3.559,11269.0
29597,40.138,3.534,11269.0
29609,40.124,3.505,11269.0
29625,40.107,3.465,11269.0
29635,40.096,3.442,11269.0
29645,40.086,3.417,11269.0
29657,40.072,3.387,11277.0
29673,40.054,3.347,11277.0
29685,40.042,3.319,11277.0
29698,40.026,3.284,11277.0
29710,40.013,3.254,11285.0
29720,40.002,3.23,11285.0
29734,39.986,3.195,11285.0
29746,39.973,3.165,11285.0
29754,39.964,3.146,11285.0
29766,39.951,3.117,11285.0
29776,39.939,3.091,11285.0
29784,39.931,3.073,11277.0
29799,39.915,3.038,11277.0
29810,39.902,3.008,11277.0
29820,39.891,2.984,11277.0
29829,39.882,2.964,11277.0
29841,39.869,2.935,11277.0
29852,39.855,2.906,11269.0
29860,39.846,2.885,11277.0
29872,39.833,2.856,11277.0
29880,39.824,2.836,11277.0
29893,39.81,2.806,11269.0
29903,39.799,2.782,11277.0
29911,39.79,2.762,11277.0
29921,39.779,2.737,11277.0
29931,39.768,2.713,11277.0
29943,39.755,2.685,11285.0
29952,39.743,2.659,11285.0
29963,39.731,2.634,11285.0
29979,39.713,2.594,11285.0
29999,39.695,2.547,11285.0
30011,39.684,2.513,11285.0
30029,39.671,2.465,11277.0
30049,39.66,2.41,11277.0
30064,39.654,2.368,11269.0
30084,39.65,2.31,11269.0
30096,39.648,2.278,11269.0
30112,39.646,2.232,11269.0
30122,39.645,2.206,11269.0
30134,39.643,2.172,11269.0
30151,39.641,2.128,11269.0
30160,39.64,2.099,11269.0
30183,39.636,2.036,11277.0
30195,39.635,2.005,11277.0
30214,39.632,1.945,11285.0
30236,39.628,1.886,11277.0
30244,39.625,1.863,11285.0
30256,39.62,1.83,11285.0
30266,39.615,1.802,11285.0
30280,39.608,1.762,11285.0
30290,39.603,1.734,11285.0
30300,39.598,1.706,11285.0
30310,39.593,1.678,11285.0
30320,39.588,1.651,11285.0
30332,39.582,1.616,11285.0
30340,39.578,1.593,11285.0
30352,39.572,1.56,11285.0
30360,39.568,1.536,11285.0
30371,39.562,1.503,11285.0
30381,39.556,1.475,11285.0
30391,39.551,1.446,11285.0
30399,39.547,1.424,11285.0
30411,39.541,1.391,11277.0
30423,39.535,1.357,11285.0
30431,39.531,1.335,11285.0
30441,39.527,1.313,11285.0
30451,39.521,1.283,11285.0
30461,39.517,1.257,11277.0
30473,39.51,1.217,11277.0
30480,39.506,1.201,11277.0
30494,39.5,1.163,11277.0
30514,39.49,1.111,11277.0
30528,39.482,1.07,11269.0
30535,39.479,1.053,11269.0
30548,39.476,1.036,11269.0
30564,39.471,1.009,11269.0
30579,39.457,0.935,11269.0
30595,39.453,0.914,11262.0
30622,39.443,0.858,11269.0
30632,39.433,0.807,11269.0
30645,39.423,0.752,11277.0
30656,39.416,0.713,11277.0
30665,39.41,0.686,11277.0
30675,39.405,0.658,11277.0
30685,39.4,0.63,11277.0
30695,39.394,0.601,11285.0
30709,39.387,0.562,11285.0
30726,39.379,0.519,11285.0
30741,39.37,0.475,11285.0
30750,39.366,0.451,11285.0
30766,39.358,0.408,11277.0
30776,39.352,0.378,11277.0
30784,39.348,0.356,11285.0
30796,39.341,0.323,11285.0
30806,39.336,0.295,11285.0
30816,39.331,0.267,11285.0
30826,39.325,0.24,11285.0
30836,39.32,0.213,11285.0
30846,39.315,0.185,11285.0
30856,39.309,0.158,11277.0
30864,39.305,0.135,11277.0
30878,39.298,0.097,11277.0
30888,39.292,0.069,11277.0
30898,39.287,0.042,11277.0
30906,39.282,0.019,11277.0
30915,39.277,-0.007,11277.0
30927,39.271,-0.04,11277.0
30937,39.266,-0.063,11277.0
30947,39.26,-0.093,11277.0
30957,39.255,-0.12,11269.0
30967,39.249,-0.149,11269.0
30984,39.241,-0.192,11269.0
31003,39.23,-0.248,11269.0
31014,39.225,-0.275,11269.0
31024,39.219,-0.303,11269.0
31034,39.213,-0.33,11269.0
31044,39.208,-0.358,11269.0
31060,39.2,-0.396,11277.0
31074,39.192,-0.44,11277.0
31090,39.183,-0.484,11277.0
31104,39.175,-0.523,11277.0
31114,39.17,-0.549,11285.0
31126,39.163,-0.583,11285.0
31140,39.155,-0.62,11292.0
31154,39.147,-0.659,11292.0
31166,39.14,-0.693,11285.0
31185,39.13,-0.745,11285.0
31194,39.126,-0.767,11285.0
31209,39.117,-0.808,11277.0
31226,39.108,-0.855,11277.0
31236,39.102,-0.884,11277.0
31246,39.096,-0.911,11269.0
31254,39.092,-0.933,11269.0
31266,39.085,-0.964,11269.0
31274,39.081,-0.986,11269.0
31286,39.074,-1.019,11277.0
31302,39.065,-1.062,11269.0
31310,39.061,-1.083,11269.0
31322,39.054,-1.116,11277.0
31330,39.049,-1.138,11277.0
31340,39.042,-1.165,11277.0
31352,39.033,-1.196,11277.0
31362,39.024,-1.223,11277.0
31370,39.017,-1.244,11277.0
31380,39.007,-1.269,11277.0
31391,38.997,-1.294,11285.0
31402,38.983,-1.323,11285.0
31413,38.971,-1.348,11277.0
31428,38.952,-1.386,11277.0
31437,38.943,-1.405,11277.0
31448,38.931,-1.436,11277.0
31459,38.922,-1.461,11277.0
31474,38.908,-1.503,11277.0
31494,38.89,-1.554,11277.0
31508,38.877,-1.591,11277.0
31522,38.865,-1.627,11277.0
31532,38.856,-1.653,11277.0
31542,38.847,-1.679,11277.0
31552,38.838,-1.705,11277.0
31562,38.829,-1.731,11277.0
31574,38.818,-1.762,11277.0
31588,38.806,-1.798,11285.0
31604,38.791,-1.839,11285.0
31617,38.781,-1.87,11277.0
31631,38.767,-1.911,11277.0
31649,38.751,-1.954,11277.0
31665,38.737,-1.994,11277.0
31675,38.728,-2.021,11277.0
31684,38.721,-2.042,11277.0
31699,38.706,-2.083,11277.0
31709,38.697,-2.108,11277.0
31725,38.683,-2.149,11277.0
31735,38.674,-2.175,11277.0
31751,38.659,-2.217,11277.0
31761,38.65,-2.243,11277.0
31775,38.637,-2.279,11277.0
31785,38.628,-2.304,11277.0
31795,38.619,-2.329,11285.0
31806,38.61,-2.356,11277.0
31815,38.601,-2.382,11277.0
31826,38.59,-2.412,11277.0
31837,38.581,-2.438,11277.0
31846,38.572,-2.463,11277.0
31856,38.563,-2.489,11277.0
31867,38.553,-2.515,11277.0
31876,38.544,-2.541,11277.0
31886,38.535,-2.567,11277.0
31897,38.526,-2.593,11277.0
31909,38.515,-2.623,11277.0
31921,38.504,-2.655,11277.0
31932,38.493,-2.686,11277.0
31949,38.478,-2.728,11277.0
31969,38.458,-2.781,11277.0
31984,38.443,-2.823,11277.0
31999,38.43,-2.861,11277.0
32014,38.417,-2.899,11277.0
32035,38.399,-2.959,11254.0
32049,38.388,-2.997,11186.0
32061,38.379,-3.029,11125.0
32075,38.369,-3.066,11064.0
32089,38.358,-3.104,11003.0
32105,38.346,-3.147,10927.0
32115,38.338,-3.175,10873.0
32125,38.33,-3.203,10820.0
32135,38.322,-3.23,10774.0
32145,38.314,-3.257,10721.0
32159,38.303,-3.296,10652.0
32169,38.295,-3.324,10599.0
32181,38.285,-3.358,10538.0
32191,38.277,-3.386,10492.0
32199,38.271,-3.407,10454.0
32210,38.261,-3.441,10393.0
32224,38.25,-3.48,10325.0
32236,38.24,-3.513,10264.0
32246,38.232,-3.541,10218.0
32257,38.224,-3.569,10165.0
32270,38.214,-3.608,10096.0
32281,38.206,-3.636,10058.0
32291,38.199,-3.662,10012.0
32301,38.191,-3.693,9951.0
32317,38.18,-3.737,9875.0
32326,38.174,-3.76,9837.0
32338,38.168,-3.782,9799.0
32346,38.162,-3.804,9761.0
32357,38.15,-3.849,9677.0
32367,38.143,-3.875,9631.0
32377,38.135,-3.905,9578.0
32387,38.128,-3.933,9532.0
32398,38.12,-3.961,9479.0
32408,38.113,-3.99,9425.0
32417,38.105,-4.018,9372.0
32427,38.098,-4.046,9326.0
32439,38.088,-4.081,9265.0
32458,38.075,-4.132,9174.0
32468,38.068,-4.16,9121.0
32479,38.059,-4.193,9067.0
32493,38.048,-4.233,8999.0
32504,38.04,-4.261,8923.0
32517,38.03,-4.3,8770.0
32532,38.019,-4.339,8602.0
32545,38.011,-4.371,8473.0
32556,38.002,-4.403,8351.0
32578,37.986,-4.462,8191.0
32589,37.977,-4.495,8115.0
32600,37.97,-4.522,8061.0
32618,37.957,-4.57,7894.0
32629,37.948,-4.602,7749.0
32640,37.942,-4.622,7650.0
32649,37.938,-4.638,7574.0
32665,37.927,-4.68,7368.0
32680,37.914,-4.725,7147.0
32689,37.906,-4.756,7002.0
32701,37.898,-4.786,6850.0
32715,37.888,-4.82,6682.0
32731,37.877,-4.86,6492.0
32739,37.873,-4.877,6408.0
32759,37.859,-4.927,6172.0
32770,37.851,-4.957,6035.0
32789,37.838,-5.001,5829.0
32816,37.821,-5.064,5539.0
32826,37.815,-5.087,5433.0
32842,37.804,-5.125,5257.0
32850,37.799,-5.143,5173.0
32862,37.792,-5.17,5044.0
32870,37.787,-5.186,4968.0
32882,37.779,-5.215,4831.0
32890,37.774,-5.233,4747.0
32902,37.767,-5.259,4632.0
32912,37.761,-5.281,4556.0
32922,37.755,-5.301,4511.0
32933,37.749,-5.324,4457.0
32942,37.743,-5.344,4411.0
32952,37.737,-5.365,4358.0
32961,37.732,-5.383,4320.0
32977,37.722,-5.42,4236.0
32988,37.716,-5.441,4183.0
32996,37.711,-5.457,4137.0
33012,37.703,-5.488,4008.0
33022,37.696,-5.51,3893.0
33036,37.688,-5.538,3749.0
33048,37.682,-5.563,3619.0
33075,37.666,-5.617,3345.0
33097,37.653,-5.663,3101.0
33106,37.648,-5.682,3017.0
33120,37.64,-5.708,2865.0
33132,37.633,-5.733,2781.0
33145,37.627,-5.754,2735.0
33160,37.619,-5.782,2613.0
33172,37.614,-5.802,2522.0
33255,37.575,-5.936,1950.0
33279,37.566,-5.969,1813.0
33292,37.559,-5.995,1676.0
33300,37.555,-6.008,1607.0
33319,37.547,-6.035,1463.0
33390,37.514,-6.135,1082.0
33646,37.417,-5.96,144.0
33670,37.417,-5.941,53.0
103907,40.469,-3.567,0.0
104045,40.473,-3.568,7391.0
104059,40.474,-3.568,7391.0
104125,40.474,-3.569,7391.0
104141,40.475,-3.57,7391.0
104150,40.476,-3.571,7391.0
104161,40.477,-3.571,7391.0
104171,40.477,-3.572,7391.0
104185,40.478,-3.573,7391.0
104205,40.479,-3.574,7391.0
104215,40.48,-3.575,7391.0
104231,40.481,-3.576,7391.0
104245,40.482,-3.577,7391.0
104261,40.483,-3.578,7391.0
104271,40.484,-3.579,7391.0
104281,40.485,-3.579,7391.0
104291,40.485,-3.58,7391.0
104301,40.486,-3.58,7391.0
104311,40.487,-3.58,7391.0
104331,40.488,-3.58,7391.0
104341,40.488,-3.579,7391.0
104351,40.488,-3.578,7391.0
104363,40.488,-3.576,7391.0
104373,40.489,-3.576,7391.0
104387,40.49,-3.576,7391.0
104403,40.491,-3.576,7391.0
104639,40.491,-3.575,0.0
104649,40.492,-3.575,487.0
104659,40.492,-3.574,487.0
104681,40.493,-3.574,487.0
104691,40.494,-3.574,487.0
104701,40.497,-3.574,487.0
104711,40.502,-3.574,487.0
104721,40.508,-3.574,487.0
104731,40.516,-3.574,510.0
104745,40.527,-3.574,609.0
104755,40.536,-3.574,723.0
104767,40.547,-3.573,883.0
104777,40.555,-3.572,998.0
104785,40.562,-3.569,1082.0
104797,40.572,-3.566,1165.0
104807,40.581,-3.562,1249.0
104818,40.591,-3.559,1386.0
104827,40.601,-3.555,1501.0
104837,40.611,-3.551,1638.0
104847,40.621,-3.548,1851.0
104857,40.63,-3.544,2042.0
104868,40.64,-3.542,2209.0
104877,40.65,-3.541,2369.0
104887,40.659,-3.54,2529.0
104897,40.67,-3.54,2720.0
104913,40.685,-3.538,2948.0
104923,40.696,-3.536,3124.0
104933,40.705,-3.53,3299.0
104943,40.713,-3.52,3459.0
104953,40.719,-3.509,3619.0
104963,40.726,-3.495,3810.0
104978,40.735,-3.477,3985.0
104989,40.743,-3.462,4130.0
104999,40.75,-3.449,4282.0
105014,40.76,-3.429,4533.0
105030,40.77,-3.409,4777.0
105049,40.783,-3.384,5105.0
105069,40.797,-3.357,5425.0
105090,40.811,-3.329,5600.0
105104,40.821,-3.31,5654.0
105119,40.834,-3.286,5707.0
105131,40.845,-3.267,5745.0
105139,40.855,-3.257,5783.0
105149,40.868,-3.247,5806.0
105165,40.892,-3.238,5867.0
105175,40.908,-3.235,5897.0
105185,40.925,-3.231,5966.0
105195,40.941,-3.227,6096.0
105205,40.958,-3.223,6202.0
105215,40.974,-3.219,6294.0
105224,40.993,-3.215,6377.0
105235,41.008,-3.211,6477.0
105245,41.027,-3.208,6598.0
105257,41.048,-3.203,6743.0
105266,41.066,-3.199,6865.0
105276,41.083,-3.195,6979.0
105287,41.101,-3.191,7094.0
105297,41.118,-3.187,7208.0
105306,41.136,-3.183,7315.0
105317,41.155,-3.179,7437.0
105327,41.173,-3.175,7551.0
105337,41.191,-3.171,7650.0
105347,41.209,-3.167,7757.0
105357,41.228,-3.162,7863.0
105367,41.246,-3.159,7962.0
105377,41.265,-3.154,8054.0
105387,41.282,-3.15,8138.0
105397,41.301,-3.146,8229.0
105407,41.32,-3.141,8321.0
105417,41.338,-3.138,8397.0
105427,41.357,-3.133,8481.0
105437,41.375,-3.129,8564.0
105447,41.395,-3.125,8648.0
105457,41.414,-3.12,8732.0
105467,41.433,-3.116,8816.0
105477,41.452,-3.112,8892.0
105489,41.473,-3.107,8976.0
105509,41.512,-3.098,9182.0
105529,41.55,-3.089,9418.0
105549,41.586,-3.081,9601.0
105569,41.622,-3.071,9776.0
105585,41.653,-3.058,9928.0
105599,41.678,-3.044,10027.0
105619,41.711,-3.021,10142.0
105629,41.731,-3.006,10195.0
105639,41.747,-2.995,10241.0
105649,41.765,-2.982,10309.0
105659,41.782,-2.969,10408.0
105669,41.8,-2.957,10500.0
105679,41.817,-2.944,10568.0
105689,41.834,-2.932,10629.0
105699,41.853,-2.919,10683.0
105709,41.87,-2.907,10721.0
105719,41.887,-2.894,10751.0
105731,41.909,-2.878,10774.0
105740,41.924,-2.867,10797.0
105755,41.952,-2.847,10866.0
105765,41.971,-2.833,10919.0
105781,41.999,-2.811,11018.0
105791,42.017,-2.8,11079.0
105801,42.036,-2.785,11140.0
105811,42.053,-2.773,11186.0
105821,42.072,-2.758,11247.0
105829,42.086,-2.748,11292.0
105839,42.104,-2.736,11361.0
105855,42.132,-2.715,11452.0
105865,42.149,-2.702,11513.0
105875,42.166,-2.69,11551.0
105889,42.191,-2.672,11597.0
105901,42.214,-2.655,11628.0
105911,42.231,-2.643,11643.0
105922,42.25,-2.628,11666.0
105936,42.277,-2.608,11727.0
105946,42.297,-2.593,11765.0
105958,42.318,-2.577,11803.0
105966,42.334,-2.566,11811.0
105978,42.355,-2.55,11833.0
105988,42.374,-2.536,11864.0
105996,42.389,-2.525,11902.0
106008,42.411,-2.509,11955.0
106018,42.428,-2.495,12001.0
106028,42.446,-2.483,12054.0
106038,42.465,-2.468,12092.0
106046,42.479,-2.458,12115.0
106059,42.502,-2.441,12176.0
106072,42.527,-2.422,12192.0
106083,42.544,-2.41,12192.0
106092,42.562,-2.396,12192.0
106105,42.584,-2.379,12192.0
106114,42.602,-2.366,12192.0
106125,42.619,-2.354,12192.0
106139,42.638,-2.339,12192.0
106156,42.648,-2.331,12192.0
106166,42.655,-2.327,12192.0
106177,42.662,-2.321,12192.0
106186,42.69,-2.301,12199.0
106199,42.701,-2.292,12192.0
106214,42.74,-2.262,12192.0
106228,42.775,-2.237,12192.0
106238,42.783,-2.232,12192.0
106247,42.791,-2.225,12192.0
106261,42.826,-2.198,12199.0
106269,42.859,-2.174,12192.0
106284,42.87,-2.165,12192.0
106295,42.887,-2.152,12192.0
106305,42.892,-2.148,12192.0
106318,42.928,-2.121,12199.0
106330,42.943,-2.109,12192.0
106340,42.974,-2.086,12192.0
106347,42.986,-2.077,12192.0
106365,43.022,-2.05,12199.0
106376,43.043,-2.034,12192.0
106385,43.062,-2.019,12184.0
106397,43.102,-1.989,12192.0
106413,43.13,-1.968,12192.0
106420,43.145,-1.958,12192.0
106431,43.161,-1.948,12192.0
106443,43.184,-1.933,12192.0
106453,43.201,-1.923,12192.0
106463,43.22,-1.911,12192.0
106473,43.238,-1.9,12192.0
106483,43.255,-1.889,12192.0
106491,43.27,-1.88,12192.0
106503,43.292,-1.866,12192.0
106512,43.31,-1.854,12192.0
106522,43.328,-1.843,12192.0
106532,43.346,-1.831,12192.0
106542,43.364,-1.82,12192.0
106552,43.383,-1.808,12192.0
106562,43.401,-1.797,12192.0
106572,43.419,-1.785,12199.0
106582,43.437,-1.773,12192.0
106592,43.455,-1.762,12192.0
106602,43.474,-1.75,12192.0
106612,43.492,-1.738,12192.0
106622,43.51,-1.727,12192.0
106639,43.539,-1.708,12199.0
106655,43.568,-1.69,12192.0
106669,43.594,-1.672,12192.0
106679,43.613,-1.661,12192.0
106691,43.634,-1.648,12192.0
106709,43.667,-1.627,12199.0
106720,43.689,-1.613,12192.0
106729,43.705,-1.602,12192.0
106741,43.726,-1.589,12192.0
106751,43.744,-1.577,12192.0
106761,43.763,-1.565,12192.0
106773,43.786,-1.55,12192.0
106785,43.804,-1.538,12192.0
106795,43.823,-1.526,12192.0
106807,43.847,-1.511,12192.0
106815,43.862,-1.501,12192.0
106827,43.885,-1.486,12192.0
106837,43.903,-1.475,12192.0
106847,43.921,-1.463,12192.0
106857,43.939,-1.451,12199.0
106867,43.956,-1.439,12199.0
106877,43.976,-1.426,12192.0
106887,43.995,-1.415,12192.0
106897,44.012,-1.404,12192.0
106907,44.031,-1.392,12192.0
106917,44.049,-1.38,12192.0
106927,44.067,-1.368,12192.0
106937,44.086,-1.355,12192.0
106947,44.103,-1.344,12192.0
106957,44.12,-1.332,12192.0
106967,44.14,-1.32,12192.0
106977,44.16,-1.307,12192.0
106987,44.179,-1.295,12192.0
106997,44.197,-1.283,12192.0
107009,44.22,-1.268,12192.0
107023,44.243,-1.252,12192.0
107039,44.275,-1.231,12192.0
107053,44.301,-1.214,12192.0
107069,44.329,-1.196,12192.0
107079,44.349,-1.182,12192.0
107099,44.384,-1.16,12192.0
107109,44.404,-1.147,12192.0
107125,44.434,-1.127,12192.0
107135,44.453,-1.115,12199.0
107145,44.472,-1.101,12192.0
107155,44.49,-1.09,12192.0
107165,44.508,-1.078,12192.0
107175,44.529,-1.064,12192.0
107185,44.547,-1.052,12192.0
107195,44.565,-1.041,12192.0
107207,44.588,-1.025,12192.0
107219,44.61,-1.01,12192.0
107235,44.64,-0.991,12192.0
107251,44.67,-0.971,12192.0
107266,44.699,-0.951,12192.0
107274,44.714,-0.941,12192.0
107290,44.743,-0.921,12192.0
107306,44.773,-0.902,12192.0
107314,44.788,-0.891,12192.0
107336,44.828,-0.865,12192.0
107344,44.843,-0.855,12192.0
107356,44.866,-0.839,12192.0
107365,44.881,-0.83,12192.0
107376,44.901,-0.816,12192.0
107384,44.916,-0.806,12192.0
107397,44.938,-0.791,12192.0
107405,44.953,-0.78,12192.0
107414,44.972,-0.768,12192.0
107426,44.994,-0.753,12192.0
107438,45.014,-0.739,12192.0
107446,45.028,-0.729,12192.0
107460,45.055,-0.711,12192.0
107470,45.074,-0.699,12192.0
107480,45.092,-0.686,12192.0
107490,45.11,-0.675,12192.0
107503,45.132,-0.659,12192.0
107510,45.147,-0.649,12192.0
107520,45.165,-0.636,12192.0
107531,45.183,-0.624,12192.0
107548,45.215,-0.603,12192.0
107556,45.229,-0.593,12192.0
107572,45.257,-0.574,12192.0
107584,45.28,-0.559,12192.0
107598,45.307,-0.54,12192.0
107610,45.326,-0.526,12192.0
107623,45.349,-0.512,12192.0
107632,45.367,-0.5,12192.0
107644,45.39,-0.483,12192.0
107654,45.41,-0.469,12192.0
107670,45.439,-0.45,12192.0
107682,45.461,-0.435,12192.0
107694,45.483,-0.42,12192.0
107716,45.523,-0.392,12192.0
107724,45.538,-0.382,12192.0
107735,45.562,-0.365,12192.0
107751,45.591,-0.345,12192.0
107759,45.604,-0.336,12192.0
107775,45.634,-0.315,12192.0
107791,45.663,-0.296,12192.0
107807,45.694,-0.274,12192.0
107815,45.709,-0.263,12192.0
107827,45.729,-0.249,12192.0
107835,45.745,-0.238,12192.0
107844,45.758,-0.229,12192.0
107861,45.794,-0.204,12192.0
107869,45.809,-0.193,12192.0
107882,45.831,-0.178,12192.0
107890,45.846,-0.167,12192.0
107902,45.868,-0.152,12192.0
107914,45.889,-0.138,12192.0
107928,45.917,-0.118,12192.0
107938,45.934,-0.105,12192.0
107946,45.949,-0.095,12192.0
107962,45.98,-0.074,12192.0
107972,45.998,-0.062,12192.0
107984,46.02,-0.046,12192.0
107999,46.049,-0.025,12199.0
108011,46.07,-0.01,12192.0
108022,46.09,0.002,12192.0
108038,46.119,0.023,12192.0
108049,46.14,0.038,12192.0
108061,46.163,0.054,12192.0
108074,46.184,0.069,12192.0
108090,46.214,0.09,12192.0
108102,46.236,0.105,12192.0
108114,46.257,0.12,12192.0
108130,46.285,0.14,12192.0
108142,46.308,0.157,12192.0
108154,46.33,0.172,12192.0
108170,46.358,0.193,12192.0
108182,46.379,0.207,12192.0
108191,46.399,0.221,12192.0
108200,46.413,0.232,12192.0
108209,46.431,0.244,12192.0
108225,46.459,0.265,12192.0
108237,46.482,0.281,12192.0
108249,46.503,0.296,12192.0
108265,46.532,0.313,12192.0
108274,46.548,0.32,12192.0
108286,46.571,0.33,12192.0
108294,46.586,0.337,12192.0
108306,46.608,0.346,12192.0
108318,46.632,0.356,12192.0
108326,46.646,0.363,12192.0
108334,46.662,0.37,12192.0
108346,46.685,0.379,12192.0
108358,46.707,0.389,12192.0
108365,46.723,0.396,12192.0
108375,46.743,0.404,12192.0
108385,46.762,0.413,12192.0
108397,46.785,0.423,12192.0
108407,46.805,0.432,12199.0
108417,46.824,0.44,12192.0
108425,46.838,0.446,12192.0
108444,46.874,0.461,12192.0
108456,46.897,0.471,12192.0
108466,46.916,0.48,12192.0
108476,46.936,0.488,12192.0
108486,46.955,0.496,12192.0
108503,46.985,0.51,12192.0
108514,47.008,0.52,12192.0
108529,47.038,0.533,12192.0
108543,47.065,0.545,12192.0
108551,47.081,0.552,12199.0
108569,47.115,0.567,12192.0
108586,47.146,0.58,12192.0
108597,47.167,0.59,12192.0
108616,47.205,0.606,12192.0
108624,47.221,0.614,12192.0
108640,47.251,0.626,12192.0
108656,47.282,0.64,12192.0
108664,47.298,0.647,12192.0
108686,47.34,0.666,12192.0
108701,47.371,0.68,12192.0
108710,47.386,0.687,12192.0
108722,47.41,0.697,12192.0
108730,47.425,0.704,12192.0
108741,47.445,0.713,12192.0
108752,47.468,0.723,12192.0
108762,47.488,0.733,12192.0
108770,47.504,0.739,12192.0
108783,47.526,0.749,12192.0
108792,47.546,0.758,12192.0
108802,47.567,0.768,12192.0
108811,47.579,0.773,12192.0
108820,47.602,0.783,12192.0
108830,47.622,0.792,12199.0
108843,47.649,0.804,12192.0
108852,47.665,0.811,12192.0
108863,47.683,0.82,12192.0
108872,47.7,0.827,12192.0
108886,47.732,0.841,12192.0
108898,47.755,0.852,12192.0
108912,47.783,0.864,12192.0
108922,47.803,0.873,12192.0
108934,47.828,0.885,12192.0
108946,47.852,0.896,12192.0
108958,47.874,0.905,12192.0
108966,47.89,0.913,12199.0
108976,47.911,0.922,12192.0
108988,47.935,0.932,12192.0
109004,47.967,0.948,12192.0
109016,47.99,0.958,12192.0
109026,48.01,0.967,12192.0
109040,48.037,0.98,12192.0
109052,48.06,0.991,12192.0
109061,48.077,0.998,12192.0
109072,48.1,1.008,12199.0
109084,48.124,1.019,12192.0
109094,48.143,1.028,12192.0
109110,48.173,1.042,12192.0
109120,48.195,1.052,12192.0
109130,48.213,1.06,12192.0
109144,48.241,1.073,12199.0
109160,48.272,1.088,12192.0
109180,48.308,1.104,12192.0
109189,48.323,1.111,12192.0
109200,48.352,1.124,12192.0
109217,48.381,1.138,12192.0
109232,48.412,1.152,12192.0
109244,48.435,1.162,12192.0
109261,48.471,1.18,12192.0
109275,48.497,1.191,12192.0
109285,48.518,1.201,12192.0
109303,48.553,1.217,12192.0
109311,48.567,1.224,12192.0
109323,48.592,1.236,12192.0
109333,48.61,1.244,12192.0
109341,48.627,1.252,12192.0
109349,48.643,1.259,12192.0
109359,48.661,1.268,12192.0
109371,48.686,1.28,12192.0
109381,48.706,1.289,12192.0
109389,48.72,1.295,12192.0
109403,48.748,1.309,12192.0
109418,48.774,1.323,12192.0
109428,48.795,1.337,12192.0
109440,48.817,1.355,12192.0
109451,48.838,1.375,12192.0
109470,48.871,1.404,12199.0
109488,48.901,1.43,12192.0
109500,48.921,1.449,12192.0
109514,48.949,1.474,12192.0
109529,48.978,1.501,12192.0
109545,49.008,1.527,12199.0
109559,49.033,1.551,12192.0
109573,49.059,1.574,12192.0
109586,49.081,1.593,12192.0
109602,49.11,1.62,12192.0
109616,49.135,1.643,12192.0
109626,49.156,1.662,12199.0
109635,49.169,1.673,12199.0
109649,49.196,1.699,12192.0
109666,49.229,1.729,12199.0
109677,49.245,1.744,12199.0
109688,49.268,1.765,12192.0
109694,49.281,1.776,12192.0
109706,49.299,1.793,12192.0
109714,49.318,1.81,12192.0
109726,49.338,1.829,12192.0
109741,49.358,1.846,12199.0
109762,49.372,1.859,12192.0
109783,49.395,1.88,12192.0
109802,49.457,1.938,12192.0
109822,49.493,1.971,12192.0
109830,49.527,2.003,12192.0
109842,49.553,2.028,12199.0
109853,49.572,2.045,12192.0
109864,49.592,2.064,12192.0
109882,49.626,2.095,12192.0
109899,49.663,2.128,12192.0
109914,49.689,2.153,12199.0
109927,49.715,2.177,12192.0
109940,49.736,2.198,12192.0
109954,49.763,2.223,12192.0
109970,49.794,2.251,12192.0
109983,49.818,2.275,12192.0
109998,49.845,2.3,12192.0
110007,49.864,2.318,12192.0
110019,49.887,2.339,12192.0
110030,49.905,2.356,12192.0
110040,49.923,2.374,12192.0
110054,49.95,2.399,12192.0
110069,49.976,2.423,12123.0
110080,49.999,2.444,12031.0
110092,50.018,2.464,11955.0
110096,52.966,1.541,10668.0
110104,50.041,2.485,11856.0
110116,50.064,2.507,11772.0
110126,50.083,2.525,11696.0
110135,50.096,2.537,11643.0
110146,50.116,2.558,11567.0
110162,50.147,2.587,11437.0
110170,50.162,2.601,11384.0
110181,50.179,2.618,11308.0
110193,50.206,2.644,11201.0
110208,50.23,2.666,11102.0
110216,50.245,2.68,11041.0
110230,50.269,2.703,10957.0
110240,50.29,2.723,10866.0
110252,50.309,2.742,10789.0
110260,50.326,2.758,10721.0
110273,50.348,2.779,10637.0
110280,50.362,2.793,10584.0
110290,50.381,2.811,10515.0
110302,50.404,2.832,10424.0
110318,50.433,2.862,10302.0
110334,50.461,2.889,10187.0
110354,50.496,2.924,10043.0
110378,50.541,2.967,9867.0
110388,50.559,2.985,9799.0
110400,50.58,3.005,9715.0
110411,50.604,3.029,9624.0
110432,50.635,3.059,9502.0
110446,50.668,3.09,9380.0
110463,50.698,3.121,9265.0
110475,50.72,3.142,9174.0
110489,50.745,3.167,9060.0
110505,50.772,3.194,8892.0
110514,50.792,3.213,8770.0
110527,50.813,3.235,8648.0
110540,50.838,3.258,8503.0
110551,50.855,3.277,8397.0
110559,50.869,3.289,8313.0
110569,50.887,3.308,8206.0
110586,50.913,3.333,8046.0
110596,50.934,3.355,7924.0
110610,50.958,3.379,7833.0
110622,50.978,3.397,7787.0
110631,50.993,3.413,7757.0
110647,51.018,3.438,7696.0
110659,51.039,3.458,7642.0
110672,51.059,3.478,7589.0
110685,51.085,3.504,7520.0
110697,51.102,3.523,7467.0
110716,51.138,3.558,7368.0
110732,51.162,3.583,7315.0
110739,51.176,3.597,7284.0
110757,51.205,3.626,7208.0
110767,51.224,3.643,7155.0
110787,51.262,3.667,7048.0
110797,51.283,3.676,7010.0
110809,51.305,3.684,6987.0
110823,51.332,3.696,6911.0
110831,51.346,3.702,6865.0
110849,51.375,3.714,6766.0
110869,51.412,3.729,6614.0
110884,51.438,3.74,6477.0
110904,51.467,3.752,6324.0
110917,51.49,3.763,6202.0
110929,51.508,3.775,6035.0
110945,51.532,3.794,5821.0
110959,51.554,3.814,5638.0
110974,51.578,3.835,5455.0
110990,51.6,3.856,5303.0
110999,51.613,3.866,5212.0
111021,51.645,3.894,4983.0
111029,51.657,3.904,4907.0
111039,51.671,3.917,4800.0
111052,51.687,3.932,4686.0
111059,51.699,3.942,4594.0
111070,51.715,3.957,4457.0
111079,51.727,3.966,4366.0
111090,51.739,3.976,4274.0
111101,51.757,3.993,4114.0
111113,51.774,4.008,3985.0
111117,51.779,4.012,3954.0
111125,51.79,4.022,3909.0
111137,51.806,4.036,3825.0
111153,51.825,4.054,3718.0
111173,51.849,4.076,3535.0
111184,51.862,4.087,3474.0
111194,51.875,4.099,3398.0
111205,51.888,4.11,3314.0
111217,51.902,4.123,3200.0
111227,51.913,4.134,3116.0
111237,51.924,4.148,3040.0
111247,51.934,4.163,2964.0
111269,51.954,4.192,2811.0
111287,51.974,4.221,2651.0
111297,51.984,4.236,2575.0
111308,51.996,4.253,2484.0
111318,52.005,4.266,2415.0
111327,52.014,4.279,2362.0
111337,52.024,4.293,2293.0
111350,52.037,4.313,2194.0
111359,52.045,4.324,2148.0
111372,52.059,4.344,2133.0
111384,52.067,4.356,2133.0
111399,52.077,4.372,2133.0
111415,52.093,4.394,2133.0
111424,52.102,4.408,2133.0
111435,52.118,4.43,2125.0
111448,52.128,4.446,2125.0
111467,52.142,4.467,2133.0
111477,52.152,4.483,2133.0
111487,52.163,4.498,2133.0
111499,52.171,4.511,2133.0
111513,52.18,4.523,2133.0
111523,52.19,4.539,2133.0
111531,52.2,4.554,2133.0
111543,52.21,4.57,2133.0
111557,52.218,4.593,2133.0
111567,52.219,4.608,2133.0
111576,52.22,4.632,2133.0
111589,52.221,4.654,2133.0
111601,52.222,4.677,2133.0
111617,52.223,4.71,2133.0
111626,52.224,4.726,2133.0
111637,52.225,4.749,2133.0
111649,52.226,4.773,2133.0
111663,52.227,4.796,2125.0
111679,52.228,4.83,2019.0
111699,52.23,4.871,1912.0
111711,52.231,4.894,1844.0
111726,52.234,4.923,1752.0
111750,52.238,4.97,1607.0
111759,52.24,4.985,1569.0
111775,52.242,5.013,1478.0
111785,52.258,2.843,6385.0
111795,52.251,5.049,1363.0
111806,52.259,5.061,1333.0
111817,52.271,5.067,1295.0
111828,52.282,5.068,1257.0
111843,52.295,5.07,1211.0
111859,52.309,5.063,1135.0
111875,52.317,5.045,1059.0
111885,52.321,5.034,1021.0
111897,52.324,5.018,990.0
111909,52.325,5.004,944.0
111927,52.324,4.983,868.0
111940,52.323,4.961,784.0
111952,52.323,4.948,731.0
111962,52.323,4.935,693.0
111975,52.322,4.923,640.0
111988,52.322,4.909,586.0
112003,52.321,4.892,533.0
112019,52.321,4.877,480.0
112040,52.32,4.856,396.0
112052,52.32,4.843,350.0
112068,52.319,4.828,297.0
112079,52.319,4.815,243.0
112089,52.318,4.804,205.0
112151,52.316,4.767,167.0
304092,53.632,10.001,0.0
304379,53.6,9.928,769.0
304397,53.593,9.912,967.0
304407,53.586,9.898,1120.0
304416,53.584,9.892,1150.0
304426,53.579,9.883,1188.0
304438,53.57,9.861,1287.0
304448,53.568,9.848,1402.0
304458,53.568,9.837,1516.0
304467,53.569,9.827,1623.0
304476,53.578,9.803,1912.0
304487,53.599,9.788,2133.0
304499,53.609,9.789,2186.0
304509,53.617,9.793,2263.0
304524,53.636,9.817,2506.0
304539,53.644,9.838,2659.0
304559,53.648,9.879,2933.0
304573,53.651,9.928,3208.0
304590,53.653,9.954,3253.0
304604,53.656,10.002,3352.0
304615,53.657,10.025,3436.0
304634,53.661,10.076,3688.0
304645,53.662,10.103,3802.0
304655,53.664,10.132,3947.0
304665,53.666,10.164,4137.0
304682,53.663,10.225,4404.0
304690,53.661,10.242,4457.0
304702,53.659,10.265,4541.0
304712,53.657,10.285,4632.0
304726,53.648,10.38,5067.0
304735,53.647,10.398,5143.0
304748,53.644,10.422,5250.0
304757,53.641,10.464,5425.0
304768,53.639,10.487,5516.0
304778,53.636,10.512,5608.0
304788,53.633,10.537,5707.0
304799,53.623,10.577,5875.0
304818,53.61,10.612,6042.0
304826,53.602,10.63,6134.0
304839,53.586,10.667,6324.0
304852,53.575,10.692,6446.0
304862,53.567,10.71,6537.0
304881,53.548,10.754,6751.0
304895,53.533,10.788,6903.0
304919,53.508,10.846,7162.0
304930,53.484,10.895,7376.0
304945,53.465,10.933,7505.0
304959,53.453,10.957,7581.0
304969,53.435,10.994,7703.0
304981,53.426,11.013,7764.0
304997,53.411,11.042,7856.0
305015,53.386,11.092,8008.0
305025,53.374,11.117,8084.0
305036,53.365,11.136,8145.0
305048,53.345,11.175,8267.0
305055,53.34,11.185,8305.0
305071,53.318,11.229,8442.0
305084,53.311,11.244,8488.0
305097,53.284,11.298,8618.0
305110,53.27,11.326,8648.0
305124,53.251,11.363,8724.0
305138,53.231,11.404,8831.0
305151,53.221,11.423,8884.0
305165,53.192,11.482,9029.0
305180,53.18,11.506,9098.0
305196,53.166,11.532,9166.0
305214,53.137,11.589,9319.0
305230,53.122,11.619,9425.0
305240,53.106,11.651,9547.0
305256,53.089,11.685,9662.0
305271,53.062,11.737,9837.0
305280,53.056,11.75,9875.0
305297,53.036,11.789,9997.0
305306,53.02,11.821,10104.0
305315,53.013,11.835,10142.0
305328,52.996,11.875,10256.0
305336,52.99,11.891,10302.0
305344,52.976,11.936,10401.0
305357,52.969,11.967,10469.0
305367,52.963,11.993,10515.0
305382,52.952,12.048,10614.0
305391,52.948,12.067,10645.0
305406,52.941,12.101,10706.0
305484,52.88,12.385,11132.0
305495,52.868,12.438,11186.0
305510,52.862,12.465,11216.0
305527,52.845,12.546,11285.0
305541,52.839,12.571,11277.0
305550,52.835,12.592,11277.0
305561,52.821,12.656,11277.0
305571,52.815,12.681,11277.0
305582,52.81,12.707,11277.0
305591,52.803,12.738,11277.0
305603,52.799,12.755,11277.0
305612,52.786,12.815,11277.0
305622,52.78,12.842,11277.0
305632,52.775,12.865,11277.0
305639,52.77,12.887,11277.0
305657,52.761,12.93,11277.0
305669,52.75,12.978,11277.0
305685,52.743,13.007,11277.0
305702,52.72,13.112,11277.0
305713,52.713,13.144,11277.0
305721,52.71,13.156,11277.0
305733,52.702,13.194,11277.0
305743,52.696,13.22,11277.0
305753,52.69,13.245,11277.0
305768,52.68,13.289,11277.0
305779,52.673,13.323,11277.0
305799,52.659,13.383,11277.0
305819,52.649,13.43,11277.0
305834,52.629,13.514,11277.0
305849,52.624,13.537,11277.0
305870,52.609,13.602,11277.0
305887,52.595,13.667,11277.0
305897,52.592,13.678,11277.0
305913,52.571,13.768,11277.0
305923,52.564,13.799,11277.0
305934,52.56,13.818,11277.0
305948,52.544,13.888,11277.0
305960,52.538,13.911,11277.0
305974,52.531,13.943,11277.0
305988,52.526,13.964,11277.0
305999,52.516,14.007,11277.0
306011,52.498,14.083,11277.0
306032,52.492,14.108,11277.0
306042,52.475,14.181,11277.0
306052,52.469,14.208,11277.0
306063,52.463,14.233,11277.0
306071,52.455,14.264,11277.0
306083,52.451,14.282,11277.0
306094,52.444,14.313,11277.0
306109,52.434,14.356,11277.0
306124,52.426,14.389,11277.0
306138,52.409,14.461,11277.0
306156,52.398,14.506,11277.0
306164,52.393,14.527,11277.0
306174,52.385,14.554,11277.0
306189,52.364,14.603,11277.0
306200,52.351,14.627,11277.0
306223,52.32,14.675,11277.0
306233,52.292,14.718,11277.0
306243,52.284,14.73,11277.0
306254,52.271,14.749,11277.0
306264,52.242,14.795,11277.0
306274,52.228,14.815,11277.0
306293,52.203,14.852,11277.0
306305,52.19,14.873,11277.0
306314,52.175,14.895,11277.0
306325,52.16,14.917,11277.0
306336,52.146,14.939,11277.0
306345,52.136,14.954,11277.0
306354,52.127,14.966,11277.0
306365,52.116,14.984,11277.0
306381,52.095,15.015,11277.0
306395,52.059,15.069,11277.0
306405,52.046,15.089,11277.0
306416,52.033,15.108,11277.0
306427,52.015,15.135,11277.0
306434,52.004,15.151,11277.0
306447,51.992,15.169,11277.0
306462,51.962,15.214,11277.0
306471,51.955,15.224,11277.0
306483,51.938,15.25,11277.0
306493,51.923,15.271,11277.0
306502,51.913,15.285,11277.0
306513,51.883,15.331,11277.0
306522,51.869,15.351,11277.0
306533,51.857,15.369,11277.0
306541,51.848,15.382,11277.0
306556,51.824,15.417,11277.0
306565,51.815,15.431,11277.0
306579,51.783,15.478,11277.0
306592,51.761,15.51,11277.0
306604,51.751,15.525,11277.0
306624,51.724,15.565,11277.0
306643,51.694,15.609,11277.0
306655,51.682,15.626,11277.0
306664,51.671,15.643,11277.0
306674,51.652,15.669,11277.0
306685,51.637,15.692,11277.0
306694,51.601,15.744,11277.0
306705,51.583,15.77,11277.0
306714,51.572,15.785,11277.0
306725,51.553,15.813,11277.0
306735,51.537,15.837,11277.0
306745,51.525,15.854,11277.0
306755,51.51,15.876,11277.0
306765,51.498,15.892,11277.0
306775,51.486,15.91,11277.0
306785,51.474,15.927,11277.0
306794,51.456,15.954,11277.0
306806,51.441,15.976,11277.0
306816,51.423,16.001,11277.0
306826,51.407,16.023,11277.0
306836,51.392,16.045,11277.0
306846,51.38,16.062,11277.0
306854,51.369,16.078,11277.0
306866,51.357,16.096,11277.0
306877,51.338,16.122,11277.0
306887,51.325,16.142,11277.0
306896,51.308,16.165,11277.0
306907,51.29,16.192,11277.0
306917,51.276,16.212,11277.0
306927,51.263,16.229,11277.0
306937,51.251,16.246,11277.0
306948,51.236,16.268,11277.0
306963,51.211,16.303,11277.0
306972,51.194,16.328,11277.0
306989,51.175,16.355,11277.0
306999,51.156,16.381,11277.0
307009,51.139,16.406,11277.0
307023,51.124,16.427,11277.0
307038,51.102,16.458,11277.0
307050,51.084,16.483,11277.0
307064,51.059,16.518,11277.0
307080,51.036,16.551,11277.0
307093,51.016,16.578,11277.0
307106,51.004,16.595,11277.0
307120,50.965,16.649,11277.0
307129,50.949,16.672,11277.0
307140,50.934,16.694,11277.0
307151,50.912,16.724,11277.0
307161,50.901,16.739,11277.0
307172,50.881,16.766,11277.0
307179,50.87,16.783,11277.0
307190,50.853,16.807,11277.0
307202,50.835,16.831,11277.0
307212,50.824,16.846,11277.0
307221,50.815,16.859,11277.0
307232,50.795,16.886,11277.0
307241,50.778,16.91,11277.0
307250,50.762,16.933,11277.0
307261,50.748,16.951,11277.0
307281,50.717,16.995,11277.0
307292,50.701,17.016,11277.0
307303,50.69,17.031,11277.0
307318,50.67,17.059,11277.0
307327,50.652,17.083,11277.0
307338,50.638,17.102,11277.0
307347,50.622,17.124,11277.0
307358,50.603,17.15,11277.0
307373,50.582,17.179,11277.0
307389,50.562,17.206,11277.0
307402,50.544,17.231,11277.0
307410,50.535,17.244,11277.0
307423,50.495,17.298,11277.0
307434,50.479,17.32,11277.0
307448,50.461,17.344,11277.0
307459,50.449,17.36,11277.0
307471,50.423,17.395,11277.0
307485,50.405,17.42,11277.0
307496,50.389,17.442,11277.0
307506,50.373,17.462,11277.0
307523,50.353,17.491,11277.0
307531,50.339,17.509,11277.0
307543,50.326,17.526,11277.0
307552,50.312,17.545,11277.0
307568,50.284,17.582,11277.0
307579,50.268,17.603,11277.0
307595,50.246,17.633,11277.0
307604,50.232,17.652,11277.0
307620,50.209,17.683,11277.0
307630,50.192,17.706,11277.0
307643,50.177,17.726,11277.0
307661,50.132,17.787,11277.0
307677,50.109,17.816,11277.0
307684,50.095,17.836,11277.0
307701,50.076,17.86,11277.0
307713,50.051,17.893,11277.0
307728,50.037,17.911,11277.0
307741,50.021,17.933,11277.0
307761,49.985,17.981,11277.0
307780,49.962,18.011,11277.0
307807,49.914,18.076,11277.0
307829,49.874,18.137,11277.0
307840,49.862,18.156,11277.0
307854,49.847,18.178,11277.0
307869,49.823,18.214,11277.0
307883,49.806,18.24,11277.0
307896,49.785,18.272,11277.0
307909,49.767,18.298,11277.0
307919,49.749,18.326,11277.0
307929,49.732,18.351,11277.0
307944,49.713,18.378,11277.0
307960,49.683,18.413,11277.0
307975,49.658,18.441,11277.0
307990,49.627,18.475,11277.0
308004,49.611,18.494,11277.0
308015,49.596,18.51,11277.0
308024,49.577,18.531,11277.0
308045,49.544,18.568,11277.0
308058,49.499,18.618,11277.0
308071,49.481,18.638,11277.0
308082,49.461,18.659,11277.0
308096,49.436,18.687,11330.0
308106,49.418,18.707,11376.0
308127,49.387,18.741,11460.0
308141,49.362,18.768,11529.0
308149,49.348,18.784,11582.0
308162,49.328,18.806,11643.0
308173,49.303,18.833,11711.0
308185,49.289,18.848,11750.0
308202,49.259,18.882,11826.0
308212,49.244,18.897,11864.0
308220,49.229,18.914,11887.0
308230,49.208,18.937,11879.0
308248,49.181,18.967,11887.0
308258,49.161,18.989,11887.0
308267,49.148,19.002,11887.0
308274,49.137,19.014,11887.0
308294,49.105,19.049,11887.0
308310,49.076,19.08,11887.0
308323,49.056,19.102,11887.0
308334,49.043,19.116,11887.0
308345,49.026,19.134,11887.0
308354,49.013,19.149,11887.0
308374,48.978,19.187,11887.0
308396,48.933,19.235,11887.0
308410,48.905,19.265,11887.0
308423,48.889,19.282,11887.0
308436,48.866,19.307,11887.0
308449,48.845,19.33,11887.0
308459,48.825,19.351,11887.0
308469,48.808,19.369,11887.0
308482,48.791,19.387,11887.0
308489,48.779,19.4,11887.0
308506,48.749,19.432,11887.0
308517,48.731,19.451,11887.0
308524,48.717,19.466,11887.0
308543,48.686,19.499,11887.0
308552,48.672,19.514,11887.0
308561,48.658,19.529,11887.0
308574,48.634,19.554,11887.0
308588,48.606,19.583,11887.0
308601,48.588,19.603,11887.0
308611,48.563,19.628,11887.0
308623,48.549,19.643,11887.0
308643,48.516,19.679,11887.0
308654,48.498,19.697,11887.0
308670,48.472,19.725,11887.0
308685,48.43,19.77,11887.0
308698,48.412,19.788,11887.0
308709,48.395,19.806,11887.0
308719,48.377,19.825,11887.0
308735,48.351,19.851,11887.0
308753,48.319,19.884,11887.0
308775,48.284,19.921,11887.0
308788,48.256,19.95,11887.0
308803,48.234,19.973,11887.0
308823,48.185,20.023,11887.0
308837,48.163,20.047,11887.0
308852,48.143,20.068,11887.0
308860,48.127,20.085,11887.0
308873,48.109,20.103,11887.0
308887,48.08,20.133,11887.0
308905,48.053,20.16,11887.0
308921,48.029,20.186,11887.0
308934,48.008,20.207,11887.0
308946,47.988,20.228,11887.0
308959,47.967,20.249,11887.0
308972,47.926,20.291,11887.0
308984,47.911,20.306,11887.0
308997,47.894,20.324,11887.0
309012,47.867,20.352,11887.0
309024,47.85,20.369,11887.0
309034,47.833,20.386,11887.0
309045,47.811,20.408,11887.0
309058,47.791,20.429,11887.0
309066,47.78,20.44,11887.0
309076,47.763,20.458,11887.0
309088,47.735,20.485,11887.0
309098,47.722,20.498,11887.0
309107,47.708,20.513,11887.0
309118,47.695,20.526,11887.0
309134,47.668,20.554,11887.0
309152,47.613,20.609,11887.0
309167,47.592,20.63,11887.0
309179,47.574,20.648,11887.0
309195,47.546,20.677,11887.0
309215,47.516,20.706,11887.0
309240,47.476,20.746,11887.0
309261,47.439,20.783,11887.0
309280,47.407,20.815,11887.0
309296,47.384,20.838,11887.0
309308,47.356,20.866,11887.0
309321,47.342,20.88,11887.0
309338,47.291,20.931,11887.0
309356,47.273,20.949,11887.0
309366,47.251,20.971,11887.0
309387,47.221,21.001,11887.0
309406,47.189,21.032,11887.0
309433,47.144,21.077,11887.0
309461,47.101,21.119,11887.0
309481,47.068,21.151,11887.0
309534,46.963,21.254,11887.0
309607,46.845,21.369,11887.0
309631,46.786,21.427,11887.0
309642,46.772,21.441,11887.0
309655,46.751,21.461,11887.0
309668,46.734,21.477,11887.0
309679,46.72,21.491,11887.0
309691,46.695,21.515,11887.0
309705,46.657,21.552,11887.0
309715,46.643,21.565,11887.0
309739,46.604,21.603,11887.0
309753,46.583,21.623,11887.0
309767,46.559,21.646,11887.0
309776,46.546,21.659,11887.0
309787,46.524,21.68,11887.0
309796,46.512,21.691,11887.0
309808,46.492,21.71,11887.0
309814,46.479,21.722,11887.0
309827,46.46,21.741,11887.0
309846,46.409,21.789,11887.0
309854,46.397,21.801,11887.0
309868,46.379,21.818,11887.0
309878,46.36,21.836,11887.0
309888,46.34,21.855,11887.0
309903,46.319,21.875,11887.0
309918,46.295,21.898,11887.0
309927,46.284,21.909,11887.0
309935,46.263,21.928,11887.0
309944,46.249,21.942,11887.0
309955,46.234,21.955,11887.0
309969,46.211,21.978,11887.0
309983,46.195,21.992,11887.0
310005,46.135,22.049,11887.0
310019,46.117,22.066,11887.0
310032,46.096,22.086,11887.0
310042,46.082,22.099,11887.0
310051,46.068,22.112,11887.0
310066,46.026,22.152,11887.0
310079,46.005,22.172,11887.0
310095,45.977,22.198,11887.0
310112,45.945,22.228,11887.0
310127,45.924,22.247,11887.0
310151,45.886,22.283,11887.0
310165,45.867,22.3,11887.0
310179,45.844,22.322,11887.0
310197,45.797,22.365,11887.0
310213,45.769,22.392,11887.0
310230,45.742,22.417,11887.0
310240,45.728,22.43,11887.0
310253,45.703,22.452,11887.0
310283,45.661,22.492,11887.0
310295,45.619,22.53,11887.0
310306,45.602,22.546,11887.0
310321,45.582,22.564,11887.0
310330,45.566,22.578,11887.0
310344,45.549,22.594,11887.0
310357,45.518,22.623,11887.0
310366,45.505,22.635,11887.0
310376,45.492,22.647,11887.0
310393,45.467,22.67,11887.0
310411,45.41,22.722,11887.0
310432,45.388,22.742,11887.0
310449,45.359,22.769,11887.0
310464,45.343,22.783,11887.0
310477,45.313,22.811,11887.0
310490,45.294,22.827,11887.0
310505,45.255,22.862,11887.0
310519,45.231,22.884,11887.0
310530,45.21,22.903,11887.0
310539,45.196,22.916,11887.0
310553,45.176,22.934,11887.0
310570,45.148,22.959,11887.0
310581,45.133,22.973,11887.0
310594,45.111,22.993,11887.0
310610,45.084,23.018,11887.0
310623,45.065,23.034,11887.0
310641,45.014,23.08,11887.0
310653,44.995,23.097,11887.0
310666,44.973,23.117,11887.0
310677,44.959,23.13,11887.0
310686,44.944,23.143,11887.0
310697,44.928,23.157,11887.0
310706,44.914,23.17,11887.0
310715,44.89,23.191,11887.0
310726,44.874,23.206,11887.0
310736,44.836,23.239,11887.0
310757,44.805,23.268,11887.0
310769,44.791,23.279,11887.0
310783,44.768,23.3,11887.0
310798,44.747,23.319,11887.0
310808,44.73,23.334,11887.0
310816,44.715,23.347,11887.0
310828,44.699,23.361,11887.0
310842,44.653,23.402,11887.0
310855,44.636,23.417,11887.0
310874,44.592,23.456,11887.0
310886,44.579,23.467,11887.0
310901,44.556,23.487,11887.0
310915,44.535,23.506,11887.0
310928,44.516,23.522,11887.0
310946,44.494,23.542,11887.0
310956,44.443,23.587,11887.0
310972,44.418,23.609,11887.0
310984,44.402,23.623,11887.0
311001,44.379,23.643,11887.0
311015,44.361,23.659,11887.0
311026,44.326,23.689,11887.0
311037,44.303,23.709,11887.0
311046,44.289,23.722,11887.0
311056,44.272,23.737,11887.0
311069,44.256,23.75,11887.0
311082,44.231,23.773,11887.0
311093,44.217,23.787,11887.0
311103,44.204,23.803,11887.0
311116,44.166,23.85,11887.0
311127,44.154,23.864,11887.0
311136,44.138,23.884,11887.0
311146,44.127,23.898,11887.0
311162,44.107,23.924,11887.0
311173,44.089,23.946,11887.0
311187,44.069,23.97,11887.0
311195,44.059,23.983,11887.0
311212,44.034,24.014,11887.0
311229,43.981,24.079,11887.0
311243,43.97,24.093,11887.0
311324,43.853,24.237,11887.0
311349,43.817,24.282,11887.0
311366,43.781,24.326,11887.0
311393,43.737,24.38,11887.0
311423,43.697,24.429,11887.0
311438,43.662,24.471,11887.0
311450,43.646,24.491,11887.0
311461,43.634,24.506,11887.0
311474,43.621,24.52,11887.0
311494,43.604,24.542,11887.0
311507,43.553,24.603,11887.0
311528,43.534,24.626,11887.0
311547,43.505,24.661,11887.0
311565,43.474,24.698,11887.0
311576,43.464,24.711,11887.0
311603,43.418,24.767,11887.0
311619,43.4,24.789,11887.0
311631,43.385,24.807,11887.0
311648,43.366,24.829,11887.0
311657,43.33,24.873,11887.0
311677,43.304,24.904,11887.0
311689,43.277,24.937,11887.0
311699,43.265,24.95,11887.0
311713,43.25,24.969,11887.0
311724,43.234,24.988,11887.0
311741,43.207,25.02,11887.0
311752,43.194,25.035,11887.0
311764,43.182,25.05,11887.0
311784,43.136,25.105,11887.0
311797,43.123,25.12,11887.0
311817,43.094,25.155,11887.0
311830,43.082,25.169,11887.0
311850,43.027,25.233,11887.0
311865,43.015,25.248,11887.0
311879,42.999,25.266,11887.0
311895,42.976,25.294,11887.0
311913,42.939,25.338,11887.0
311934,42.923,25.358,11887.0
311955,42.875,25.413,11887.0
311974,42.854,25.438,11887.0
311989,42.832,25.463,11887.0
312010,42.779,25.526,11887.0
312023,42.763,25.544,11887.0
312037,42.752,25.557,11887.0
312058,42.724,25.59,11887.0
312072,42.703,25.614,11887.0
312101,42.659,25.667,11887.0
312111,42.646,25.681,11887.0
312123,42.632,25.698,11887.0
312144,42.581,25.756,11887.0
312156,42.569,25.77,11887.0
312170,42.544,25.799,11887.0
312189,42.532,25.813,11887.0
312201,42.493,25.858,11887.0
312218,42.48,25.873,11887.0
312237,42.458,25.898,11887.0
312251,42.426,25.935,11887.0
312268,42.398,25.968,11887.0
312284,42.386,25.982,11887.0
312301,42.347,26.027,11887.0
312318,42.322,26.056,11887.0
312325,42.31,26.07,11887.0
312347,42.288,26.094,11887.0
312360,42.261,26.126,11887.0
312373,42.246,26.143,11887.0
312387,42.234,26.157,11887.0
312401,42.192,26.205,11887.0
312409,42.179,26.22,11887.0
312425,42.163,26.237,11887.0
312439,42.141,26.263,11887.0
312455,42.122,26.284,11887.0
312464,42.1,26.31,11887.0
312480,42.084,26.328,11887.0
312490,42.072,26.341,11887.0
312501,42.048,26.368,11887.0
312520,42.031,26.387,11887.0
312529,41.989,26.435,11887.0
312541,41.977,26.448,11887.0
312557,41.963,26.464,11887.0
312573,41.945,26.484,11887.0
312589,41.895,26.541,11887.0
312601,41.882,26.556,11887.0
312618,41.859,26.579,11887.0
312626,41.847,26.591,11887.0
312641,41.823,26.613,11887.0
312662,41.796,26.639,11887.0
312683,41.757,26.675,11887.0
312699,41.736,26.696,11887.0
312714,41.709,26.721,11887.0
312725,41.695,26.734,11887.0
312750,41.653,26.774,11887.0
312768,41.622,26.803,11887.0
312781,41.602,26.822,11887.0
312793,41.585,26.838,11887.0
312803,41.567,26.854,11887.0
312821,41.548,26.873,11887.0
312839,41.493,26.924,11887.0
312850,41.479,26.936,11887.0
312862,41.46,26.954,11887.0
312873,41.444,26.97,11887.0
312884,41.427,26.985,11887.0
312901,41.398,27.012,11887.0
312915,41.375,27.034,11887.0
312934,41.351,27.057,11887.0
312947,41.328,27.078,11887.0
312962,41.306,27.098,11887.0
312974,41.287,27.116,11887.0
312985,41.27,27.132,11887.0
313002,41.247,27.153,11887.0
313009,41.232,27.167,11887.0
313020,41.215,27.183,11887.0
313032,41.195,27.201,11887.0
313047,41.173,27.221,11887.0
313064,41.148,27.244,11887.0
313074,41.11,27.279,11887.0
313088,41.087,27.3,11887.0
313100,41.068,27.318,11887.0
313116,41.047,27.337,11887.0
313127,41.021,27.361,11887.0
313138,41.009,27.373,11887.0
313148,40.996,27.385,11887.0
313156,40.979,27.4,11887.0
313170,40.955,27.421,11887.0
313186,40.928,27.443,11887.0
313197,40.91,27.457,11887.0
313215,40.879,27.48,11887.0
313230,40.856,27.497,11887.0
313241,40.836,27.513,11887.0
313252,40.816,27.528,11887.0
313262,40.802,27.539,11887.0
313279,40.773,27.56,11887.0
313293,40.752,27.577,11887.0
313305,40.714,27.605,11887.0
313316,40.697,27.619,11887.0
313327,40.679,27.632,11887.0
313338,40.66,27.646,11887.0
313352,40.635,27.665,11887.0
313366,40.608,27.685,11887.0
313381,40.586,27.701,11887.0
313392,40.564,27.718,11887.0
313402,40.55,27.729,11887.0
313411,40.532,27.742,11887.0
313429,40.494,27.77,11887.0
313442,40.479,27.781,11887.0
313451,40.465,27.792,11887.0
313463,40.447,27.806,11887.0
313473,40.429,27.819,11887.0
313482,40.416,27.829,11887.0
313489,40.401,27.84,11887.0
313505,40.38,27.856,11887.0
313523,40.344,27.883,11887.0
313537,40.329,27.894,11887.0
313550,40.273,27.936,11887.0
313564,40.259,27.946,11887.0
313577,40.241,27.96,11887.0
313590,40.22,27.975,11887.0
313614,40.176,28.008,11887.0
313630,40.161,28.019,11887.0
313645,40.113,28.054,11887.0
313661,40.091,28.071,11887.0
313676,40.062,28.093,11887.0
313689,40.04,28.108,11887.0
313699,40.022,28.121,11887.0
313710,40.001,28.137,11887.0
313725,39.973,28.158,11887.0
313737,39.958,28.169,11887.0
313752,39.927,28.192,11887.0
313767,39.914,28.202,11887.0
313781,39.898,28.214,11887.0
313792,39.847,28.257,11894.0
313805,39.833,28.269,11887.0
313814,39.819,28.28,11887.0
313828,39.796,28.298,11887.0
313839,39.784,28.308,11887.0
313857,39.752,28.333,11887.0
313866,39.736,28.347,11887.0
313878,39.715,28.364,11887.0
313889,39.695,28.38,11887.0
313904,39.669,28.4,11887.0
313922,39.646,28.419,11887.0
313935,39.611,28.446,11887.0
313948,39.598,28.456,11887.0
313959,39.564,28.484,11887.0
313981,39.529,28.511,11887.0
313989,39.516,28.522,11887.0
314004,39.494,28.539,11887.0
314024,39.453,28.571,11887.0
314043,39.427,28.593,11887.0
314057,39.406,28.609,11887.0
314075,39.379,28.63,11887.0
314089,39.345,28.657,11894.0
314100,39.331,28.668,11894.0
314122,39.301,28.692,11887.0
314141,39.273,28.714,11887.0
314155,39.226,28.751,11887.0
314166,39.212,28.762,11887.0
314182,39.188,28.781,11887.0
314193,39.168,28.797,11887.0
314208,39.145,28.815,11887.0
314232,39.101,28.849,11887.0
314243,39.086,28.861,11887.0
314257,39.074,28.871,11887.0
314273,39.034,28.901,11887.0
314288,39.021,28.912,11887.0
314302,38.997,28.931,11887.0
314318,38.962,28.958,11887.0
314333,38.925,28.987,11887.0
314346,38.91,28.998,11887.0
314364,38.882,29.02,11887.0
314380,38.858,29.039,11887.0
314390,38.838,29.055,11887.0
314402,38.824,29.065,11887.0
314412,38.796,29.087,11887.0
314431,38.756,29.118,11887.0
314443,38.743,29.129,11887.0
314457,38.722,29.144,11887.0
314476,38.688,29.171,11887.0
314487,38.674,29.182,11887.0
314500,38.661,29.192,11887.0
314510,38.615,29.227,11887.0
314524,38.595,29.242,11887.0
314550,38.553,29.274,11887.0
314563,38.541,29.284,11894.0
314581,38.511,29.307,11841.0
314594,38.493,29.321,11788.0
314604,38.481,29.33,11750.0
314624,38.449,29.355,11658.0
314648,38.394,29.397,11490.0
314666,38.356,29.426,11376.0
314677,38.344,29.436,11346.0
314698,38.311,29.46,11186.0
314726,38.27,29.492,10957.0
314738,38.257,29.502,10881.0
314762,38.193,29.55,10507.0
314774,38.173,29.565,10393.0
314786,38.157,29.577,10309.0
314799,38.141,29.589,10210.0
314813,38.113,29.61,10050.0
314826,38.1,29.62,9974.0
314839,38.085,29.632,9883.0
314853,38.066,29.646,9761.0
314863,38.052,29.657,9677.0
314875,38.03,29.674,9547.0
314889,38.018,29.683,9479.0
314903,37.973,29.717,9212.0
314915,37.961,29.726,9144.0
314929,37.944,29.739,9037.0
314944,37.921,29.757,8900.0
314965,37.886,29.783,8656.0
314994,37.855,29.805,8427.0
315020,37.82,29.832,8176.0
315034,37.785,29.859,7924.0
315046,37.766,29.873,7795.0
315067,37.746,29.888,7650.0
315126,37.677,29.94,7178.0
315191,37.58,30.012,6713.0
315213,37.55,30.035,6614.0
315237,37.524,30.054,6499.0
315247,37.512,30.064,6454.0
315269,37.485,30.102,6294.0
315291,37.464,30.148,6050.0
315301,37.459,30.16,5996.0
315315,37.446,30.19,5859.0
315333,37.435,30.214,5745.0
315369,37.412,30.263,5509.0
315392,37.385,30.319,5158.0
315461,37.315,30.37,4640.0
315476,37.286,30.39,4427.0
315506,37.258,30.409,4244.0
315525,37.23,30.429,4046.0
315555,37.201,30.448,3855.0
315581,37.171,30.468,3627.0
315609,37.129,30.495,3459.0
315643,37.103,30.516,3375.0
315664,37.079,30.536,3246.0
315687,37.056,30.556,3093.0
315719,37.021,30.587,2842.0
315748,36.999,30.607,2682.0
315770,36.977,30.626,2545.0
315793,36.955,30.645,2369.0
315822,36.932,30.664,2194.0
315846,36.906,30.668,2026.0
315872,36.881,30.664,1783.0
315883,36.867,30.663,1600.0
315892,36.848,30.66,1417.0
315908,36.836,30.659,1318.0
315922,36.824,30.657,1226.0
315937,36.812,30.66,1135.0
315954,36.798,30.676,990.0
315970,36.796,30.69,906.0
315983,36.796,30.702,830.0
315995,36.796,30.714,754.0
316010,36.795,30.729,678.0
316030,36.795,30.751,617.0
316050,36.795,30.765,601.0
316064,36.805,30.781,533.0
316081,36.818,30.781,457.0
316099,36.833,30.783,381.0
316123,36.845,30.785,304.0
316140,36.856,30.786,243.0
316157,36.866,30.788,175.0
316221,36.901,30.792,0.0
398924,48.116,16.573,0.0
398956,48.115,16.574,243.0
398976,48.114,16.574,243.0
399014,48.113,16.573,243.0
399024,48.112,16.573,243.0
399037,48.112,16.572,243.0
399045,48.111,16.573,243.0
399062,48.111,16.574,243.0
399070,48.111,16.575,243.0
399106,48.11,16.576,243.0
399117,48.109,16.575,243.0
399153,48.109,16.574,251.0
399161,48.111,16.567,251.0
399187,48.116,16.553,289.0
399208,48.121,16.532,601.0
399218,48.121,16.525,655.0
399227,48.121,16.517,723.0
399239,48.119,16.503,838.0
399259,48.117,16.464,1043.0
399273,48.119,16.438,1196.0
399288,48.121,16.42,1325.0
399298,48.123,16.405,1447.0
399309,48.124,16.389,1615.0
399319,48.129,16.349,2110.0
399335,48.13,16.335,2255.0
399349,48.134,16.297,2606.0
399364,48.137,16.274,2827.0
399379,48.139,16.25,3055.0
399398,48.144,16.22,3307.0
399415,48.162,16.183,3474.0
399426,48.172,16.172,3566.0
399434,48.182,16.162,3680.0
399445,48.196,16.148,3848.0
399456,48.21,16.134,3970.0
399464,48.234,16.108,4168.0
399480,48.263,16.078,4457.0
399490,48.274,16.065,4556.0
399501,48.288,16.05,4671.0
399511,48.298,16.04,4762.0
399522,48.314,16.022,4968.0
399529,48.321,16.015,5052.0
399542,48.334,16.0,5204.0
399551,48.355,15.977,5394.0
399560,48.367,15.964,5501.0
399569,48.375,15.955,5577.0
399583,48.397,15.931,5768.0
399593,48.409,15.918,5875.0
399601,48.418,15.908,5951.0
399611,48.429,15.897,6042.0
399620,48.467,15.855,6332.0
399633,48.476,15.845,6400.0
399647,48.49,15.83,6492.0
399654,48.501,15.818,6576.0
399667,48.536,15.779,6812.0
399683,48.572,15.74,7048.0
399694,48.581,15.729,7109.0
399706,48.601,15.708,7223.0
399728,48.644,15.66,7490.0
399744,48.663,15.639,7612.0
399760,48.683,15.617,7780.0
399774,48.705,15.586,7932.0
399787,48.716,15.562,8039.0
399799,48.734,15.517,8221.0
399814,48.746,15.487,8282.0
399824,48.77,15.428,8427.0
399835,48.779,15.406,8473.0
399850,48.796,15.367,8534.0
399864,48.806,15.34,8602.0
399880,48.832,15.278,8763.0
399890,48.841,15.256,8816.0
399899,48.849,15.237,8854.0
399911,48.858,15.214,8900.0
399920,48.87,15.184,8961.0
399929,48.877,15.167,8999.0
399939,48.898,15.117,9105.0
399954,48.907,15.094,9159.0
399970,48.919,15.065,9227.0
399982,48.952,14.985,9425.0
399990,48.957,14.973,9456.0
400001,48.964,14.956,9494.0
400017,48.988,14.899,9616.0
400024,48.992,14.889,9639.0
400043,49.014,14.834,9761.0
400051,49.019,14.823,9784.0
400062,49.049,14.751,9959.0
400073,49.057,14.731,10005.0
400082,49.065,14.712,10050.0
400093,49.075,14.689,10104.0
400109,49.096,14.635,10233.0
400124,49.108,14.606,10302.0
400137,49.124,14.565,10393.0
400154,49.143,14.522,10492.0
400166,49.157,14.492,10561.0
400184,49.187,14.428,10660.0
400195,49.198,14.405,10668.0
400216,49.219,14.36,10736.0
400225,49.227,14.342,10797.0
400234,49.234,14.326,10843.0
400251,49.275,14.236,11117.0
400260,49.283,14.217,11193.0
400271,49.292,14.198,11277.0
400284,49.31,14.157,11407.0
400296,49.317,14.141,11445.0
400307,49.334,14.102,11529.0
400316,49.339,14.092,11544.0
400332,49.352,14.062,11574.0
400345,49.373,14.014,11574.0
400361,49.385,13.988,11574.0
400373,49.413,13.924,11582.0
400380,49.419,13.911,11582.0
400397,49.445,13.852,11582.0
400407,49.453,13.833,11574.0
400417,49.462,13.813,11574.0
400426,49.472,13.79,11582.0
400435,49.483,13.766,11582.0
400447,49.493,13.742,11582.0
400458,49.509,13.706,11582.0
400464,49.515,13.693,11582.0
400478,49.533,13.651,11582.0
400489,49.542,13.631,11582.0
400503,49.556,13.6,11582.0
400514,49.565,13.578,11582.0
400527,49.592,13.515,11574.0
400539,49.613,13.467,11567.0
400560,49.632,13.424,11567.0
400574,49.645,13.394,11567.0
400589,49.655,13.371,11567.0
400608,49.682,13.308,11567.0
400630,49.715,13.233,11574.0
400639,49.722,13.213,11582.0
400650,49.73,13.189,11582.0
400661,49.739,13.141,11590.0
400671,49.742,13.116,11590.0
400686,49.747,13.079,11590.0
400701,49.753,13.038,11590.0
400716,49.757,13.011,11597.0
400725,49.764,12.96,11590.0
400736,49.772,12.899,11590.0
400746,49.775,12.878,11582.0
400757,49.78,12.844,11582.0
400765,49.783,12.823,11574.0
400777,49.786,12.798,11574.0
400785,49.792,12.754,11574.0
400796,49.795,12.733,11574.0
400807,49.798,12.711,11574.0
400817,49.802,12.678,11574.0
400824,49.805,12.658,11574.0
400837,49.809,12.629,11574.0
400846,49.815,12.586,11574.0
400858,49.818,12.563,11574.0
400868,49.826,12.502,11582.0
400877,49.83,12.475,11582.0
400888,49.834,12.446,11582.0
400898,49.838,12.416,11582.0
400907,49.84,12.395,11582.0
400918,49.846,12.348,11582.0
400929,49.849,12.333,11590.0
400945,49.852,12.303,11590.0
400959,49.865,12.206,11590.0
400969,49.868,12.184,11582.0
400980,49.871,12.161,11582.0
400990,49.874,12.141,11582.0
401005,49.882,12.079,11567.0
401015,49.884,12.061,11567.0
401025,49.887,12.036,11567.0
401035,49.89,12.013,11567.0
401045,49.895,11.977,11567.0
401054,49.898,11.955,11567.0
401065,49.901,11.926,11567.0
401075,49.904,11.903,11567.0
401090,49.911,11.85,11567.0
401101,49.914,11.822,11574.0
401116,49.919,11.786,11582.0
401126,49.926,11.728,11582.0
401134,49.928,11.711,11582.0
401146,49.935,11.659,11582.0
401155,49.938,11.638,11582.0
401165,49.94,11.616,11582.0
401174,49.943,11.593,11582.0
401185,49.947,11.561,11582.0
401201,49.955,11.5,11582.0
401216,49.959,11.466,11582.0
401225,49.961,11.449,11582.0
401235,49.971,11.372,11574.0
401248,49.974,11.349,11574.0
401257,49.976,11.331,11574.0
401265,49.978,11.309,11574.0
401274,49.981,11.285,11574.0
401288,49.985,11.252,11574.0
401299,49.99,11.214,11574.0
401311,49.994,11.183,11574.0
401323,50.0,11.129,11582.0
401334,50.003,11.107,11582.0
401354,50.008,11.059,11590.0
401370,50.017,10.987,11590.0
401391,50.026,10.916,11597.0
401408,50.034,10.848,11597.0
401424,50.036,10.831,11597.0
401444,50.044,10.763,11590.0
401458,50.046,10.746,11590.0
401470,50.055,10.67,11582.0
401482,50.058,10.637,11582.0
401500,50.065,10.581,11574.0
401517,50.069,10.54,11567.0
401532,50.077,10.489,11567.0
401556,50.085,10.444,11559.0
401567,50.094,10.393,11567.0
401576,50.097,10.376,11567.0
401589,50.102,10.354,11567.0
401605,50.111,10.301,11574.0
401619,50.123,10.234,11574.0
401638,50.132,10.181,11582.0
401649,50.135,10.162,11582.0
401662,50.144,10.107,11582.0
401673,50.148,10.084,11590.0
401684,50.159,10.02,11590.0
401699,50.165,9.984,11582.0
401713,50.171,9.945,11582.0
401722,50.175,9.92,11582.0
401735,50.182,9.881,11582.0
401744,50.186,9.855,11582.0
401758,50.192,9.818,11582.0
401775,50.2,9.767,11582.0
401788,50.206,9.733,11582.0
401804,50.215,9.679,11582.0
401820,50.22,9.646,11582.0
401830,50.225,9.615,11582.0
401840,50.23,9.586,11582.0
401858,50.235,9.553,11582.0
401870,50.25,9.466,11574.0
401886,50.254,9.436,11574.0
401896,50.259,9.409,11574.0
401906,50.263,9.384,11574.0
401917,50.266,9.364,11574.0
401937,50.282,9.263,11574.0
401946,50.286,9.241,11574.0
401955,50.289,9.217,11574.0
401966,50.293,9.192,11567.0
401977,50.297,9.168,11574.0
401984,50.304,9.125,11513.0
401998,50.307,9.106,11468.0
402013,50.317,9.04,11315.0
402028,50.323,9.004,11231.0
402041,50.331,8.953,11109.0
402059,50.336,8.922,11041.0
402077,50.347,8.855,10873.0
402087,50.35,8.835,10820.0
402100,50.354,8.804,10744.0
402112,50.358,8.781,10683.0
402122,50.371,8.695,10454.0
402140,50.376,8.664,10378.0
402155,50.382,8.626,10279.0
402166,50.389,8.578,10157.0
402185,50.393,8.552,10081.0
402196,50.398,8.521,10005.0
402209,50.405,8.474,9883.0
402231,50.421,8.367,9745.0
402246,50.426,8.335,9745.0
402255,50.43,8.309,9753.0
402266,50.433,8.289,9753.0
402281,50.443,8.222,9745.0
402292,50.447,8.197,9745.0
402301,50.45,8.178,9745.0
402313,50.454,8.147,9753.0
402321,50.458,8.118,9753.0
402331,50.461,8.098,9753.0
402342,50.469,8.047,9753.0
402352,50.472,8.028,9738.0
402362,50.474,8.01,9700.0
402373,50.485,7.939,9471.0
402379,50.488,7.919,9395.0
402398,50.495,7.872,9212.0
402408,50.502,7.824,9014.0
402418,50.504,7.806,8938.0
402427,50.508,7.782,8839.0
402434,50.51,7.765,8770.0
402446,50.516,7.728,8618.0
402459,50.519,7.701,8503.0
402483,50.529,7.634,8221.0
402494,50.534,7.597,8069.0
402512,50.539,7.56,7901.0
402522,50.54,7.536,7802.0
402542,50.544,7.482,7581.0
402551,50.549,7.409,7269.0
402575,50.553,7.356,7063.0
402588,50.557,7.304,6903.0
402605,50.559,7.273,6827.0
402626,50.563,7.207,6720.0
402635,50.564,7.192,6713.0
402644,50.566,7.164,6705.0
402663,50.569,7.118,6697.0
402681,50.574,7.057,6697.0
402691,50.574,7.045,6705.0
402701,50.577,7.013,6697.0
402709,50.578,6.985,6697.0
402729,50.583,6.92,6697.0
402753,50.586,6.875,6697.0
402767,50.589,6.826,6697.0
402781,50.591,6.798,6697.0
402794,50.593,6.765,6705.0
402812,50.597,6.706,6705.0
402821,50.598,6.683,6705.0
402832,50.6,6.66,6697.0
402849,50.605,6.577,6697.0
402873,50.608,6.528,6697.0
402889,50.612,6.475,6705.0
402903,50.614,6.44,6705.0
402917,50.615,6.41,6697.0
402925,50.617,6.386,6697.0
402937,50.619,6.36,6705.0
402956,50.624,6.304,6697.0
402980,50.636,6.248,6652.0
402996,50.646,6.204,6499.0
403011,50.66,6.138,6248.0
403019,50.664,6.12,6172.0
403034,50.671,6.089,6035.0
403044,50.678,6.056,5882.0
403057,50.684,6.03,5760.0
403072,50.693,5.988,5570.0
403086,50.699,5.96,5440.0
403094,50.703,5.945,5364.0
403114,50.714,5.895,5143.0
403126,50.722,5.856,4968.0
403141,50.728,5.83,4861.0
403158,50.737,5.785,4655.0
403166,50.741,5.769,4579.0
403180,50.746,5.747,4480.0
403198,50.763,5.667,4122.0
403211,50.767,5.648,4038.0
403222,50.773,5.619,3909.0
403241,50.784,5.568,3764.0
403255,50.788,5.552,3718.0
403272,50.795,5.52,3642.0
403283,50.8,5.494,3550.0
403297,50.804,5.476,3512.0
403312,50.812,5.438,3429.0
403327,50.815,5.422,3360.0
403340,50.832,5.367,3086.0
403355,50.838,5.353,3048.0
403365,50.848,5.333,2994.0
403383,50.856,5.316,2941.0
403401,50.872,5.28,2834.0
403414,50.88,5.263,2781.0
403428,50.894,5.233,2743.0
403442,50.9,5.221,2743.0
403452,50.915,5.187,2712.0
403461,50.923,5.17,2644.0
403466,45.76,7.277,11582.0
403472,45.765,7.271,11590.0
403477,45.771,7.261,11590.0
403485,45.787,7.239,11590.0
403491,50.943,5.127,2415.0
403510,50.96,5.09,2232.0
403527,50.966,5.076,2156.0
403542,50.981,5.043,1965.0
403563,50.99,5.026,1889.0
403578,51.013,4.979,1699.0
403592,51.019,4.966,1645.0
403602,51.032,4.939,1554.0
403618,51.038,4.928,1516.0
403632,51.046,4.913,1463.0
403641,51.053,4.899,1417.0
403655,51.061,4.885,1363.0
403670,51.075,4.858,1280.0
403686,51.091,4.828,1211.0
403702,51.104,4.803,1158.0
403717,51.11,4.79,1127.0
403735,51.122,4.768,1104.0
403747,51.13,4.752,1097.0
403757,51.135,4.741,1089.0
403775,51.142,4.716,1097.0
403793,51.151,4.682,1097.0
403806,51.154,4.665,1097.0
403826,51.147,4.641,1104.0
403847,51.14,4.631,1104.0
403864,51.126,4.608,1097.0
403885,51.114,4.592,1097.0
403914,51.104,4.583,1097.0
403933,51.086,4.573,1097.0
403959,51.069,4.566,1097.0
403979,51.056,4.56,1104.0
403999,51.045,4.556,1074.0
404028,51.027,4.548,960.0
404048,51.015,4.543,876.0
404080,50.993,4.534,746.0
404103,50.982,4.53,670.0
404125,50.968,4.524,586.0
404157,50.95,4.517,472.0
404396,50.901,4.493,0.0
405061,43.298,-2.896,0.0
405152,43.309,-2.931,426.0
405164,43.311,-2.937,586.0
405183,43.313,-2.942,784.0
405195,43.32,-2.958,1264.0
405214,43.327,-2.981,1569.0
405226,43.332,-2.987,1691.0
405236,43.336,-2.991,1783.0
405247,43.342,-2.997,1920.0
405255,43.346,-3.0,2026.0
405268,43.351,-3.003,2103.0
405277,43.379,-3.001,2590.0
405289,43.386,-2.997,2727.0
405303,43.394,-2.988,2880.0
405316,43.4,-2.979,3009.0
405336,43.408,-2.926,3268.0
405345,43.407,-2.913,3299.0
405360,43.405,-2.89,3352.0
405370,43.403,-2.871,3390.0
405385,43.401,-2.849,3505.0
405396,43.394,-2.773,3977.0
405407,43.392,-2.755,4076.0
405421,43.39,-2.727,4206.0
405430,43.388,-2.706,4312.0
405445,43.385,-2.672,4480.0
405455,43.381,-2.622,4732.0
405470,43.379,-2.595,4869.0
405482,43.377,-2.573,4983.0
405493,43.375,-2.546,5120.0
405505,43.373,-2.524,5234.0
405517,43.366,-2.446,5600.0
405530,43.363,-2.413,5753.0
405541,43.362,-2.395,5829.0
405551,43.36,-2.372,5928.0
405562,43.357,-2.344,6065.0
405572,43.355,-2.315,6202.0
405583,43.352,-2.287,6347.0
405597,43.35,-2.252,6492.0
405606,43.35,-2.224,6614.0
405618,43.351,-2.195,6797.0
405626,43.353,-2.173,6957.0
405638,43.354,-2.151,7071.0
405651,43.357,-2.101,7269.0
405667,43.361,-2.035,7520.0
405675,43.362,-2.018,7589.0
405689,43.368,-1.972,7764.0
405706,43.383,-1.933,7932.0
405721,43.392,-1.911,8031.0
405731,43.4,-1.895,8107.0
405741,43.408,-1.876,8229.0
405752,43.421,-1.845,8427.0
405764,43.428,-1.828,8496.0
405784,43.442,-1.797,8595.0
405801,43.467,-1.734,8884.0
405811,43.48,-1.703,9037.0
405828,43.491,-1.676,9166.0
405840,43.498,-1.657,9258.0
405854,43.511,-1.625,9395.0
405872,43.524,-1.593,9418.0
405887,43.559,-1.523,9486.0
405898,43.571,-1.512,9540.0
405911,43.59,-1.498,9601.0
405926,43.61,-1.488,9662.0
405934,43.622,-1.481,9700.0
405946,43.641,-1.47,9753.0
405961,43.662,-1.458,9753.0
405970,43.686,-1.443,9753.0
405982,43.698,-1.436,9753.0
405995,43.717,-1.425,9753.0
406005,43.73,-1.417,9753.0
406014,43.742,-1.41,9753.0
406026,43.765,-1.396,9753.0
406038,43.776,-1.389,9753.0
406052,43.799,-1.376,9753.0
406066,43.822,-1.363,9753.0
406081,43.84,-1.351,9753.0
406090,43.857,-1.342,9753.0
406106,43.873,-1.331,9753.0
406119,43.919,-1.294,9806.0
406139,43.939,-1.275,9959.0
406152,43.96,-1.255,10096.0
406164,43.975,-1.241,10142.0
406182,43.999,-1.218,10210.0
406194,44.022,-1.195,10287.0
406212,44.037,-1.181,10332.0
406223,44.049,-1.17,10378.0
406235,44.092,-1.129,10416.0
406248,44.112,-1.11,10507.0
406259,44.125,-1.099,10584.0
406269,44.137,-1.088,10652.0
406286,44.158,-1.069,10782.0
406301,44.178,-1.051,10896.0
406319,44.212,-1.019,11109.0
406334,44.233,-1.0,11178.0
406347,44.248,-0.986,11231.0
406363,44.271,-0.966,11292.0
406373,44.287,-0.951,11338.0
406389,44.316,-0.923,11399.0
406405,44.33,-0.911,11430.0
406417,44.368,-0.876,11544.0
406430,44.389,-0.859,11612.0
406440,44.404,-0.849,11658.0
406452,44.425,-0.836,11727.0
406468,44.444,-0.826,11780.0
406481,44.47,-0.811,11833.0
406492,44.484,-0.804,11864.0
406503,44.497,-0.796,11887.0
406513,44.511,-0.789,11917.0
406522,44.525,-0.781,11940.0
406535,44.545,-0.77,11986.0
406546,44.586,-0.747,12077.0
406560,44.6,-0.74,12115.0
406576,44.635,-0.72,12192.0
406590,44.647,-0.714,12192.0
406602,44.662,-0.705,12192.0
406614,44.686,-0.691,12192.0
406629,44.727,-0.669,12192.0
406640,44.742,-0.661,12192.0
406651,44.755,-0.653,12192.0
406663,44.78,-0.639,12192.0
406676,44.794,-0.631,12192.0
406692,44.824,-0.614,12192.0
406702,44.838,-0.606,12192.0
406714,44.876,-0.585,12192.0
406724,44.89,-0.577,12192.0
406736,44.91,-0.565,12192.0
406749,44.927,-0.555,12192.0
406770,44.96,-0.537,12192.0
406779,44.974,-0.529,12192.0
406792,44.999,-0.515,12192.0
406802,45.012,-0.507,12192.0
406813,45.033,-0.497,12192.0
406827,45.047,-0.488,12192.0
406839,45.097,-0.46,12192.0
406853,45.113,-0.451,12192.0
406866,45.131,-0.44,12192.0
406879,45.149,-0.43,12192.0
406891,45.166,-0.421,12192.0
406902,45.18,-0.413,12192.0
406909,45.193,-0.405,12192.0
406920,45.226,-0.386,12192.0
406932,45.257,-0.369,12192.0
406943,45.27,-0.361,12192.0
406958,45.291,-0.35,12192.0
406975,45.31,-0.339,12192.0
406991,45.346,-0.318,12192.0
407005,45.363,-0.308,12192.0
407023,45.408,-0.282,12192.0
407040,45.427,-0.271,12192.0
407052,45.457,-0.254,12192.0
407064,45.472,-0.245,12192.0
407081,45.495,-0.231,12192.0
407094,45.517,-0.219,12192.0
407109,45.539,-0.206,12192.0
407126,45.563,-0.193,12192.0
407137,45.613,-0.164,12192.0
407151,45.629,-0.154,12192.0
407165,45.647,-0.143,12192.0
407176,45.66,-0.136,12192.0
407190,45.674,-0.128,12192.0
407203,45.704,-0.111,12192.0
407220,45.727,-0.097,12192.0
407234,45.764,-0.075,12192.0
407254,45.801,-0.055,12192.0
407269,45.821,-0.043,12192.0
407283,45.838,-0.033,12192.0
407292,45.853,-0.025,12192.0
407307,45.873,-0.013,12192.0
407317,45.89,-0.003,12192.0
407331,45.934,0.022,12192.0
407346,45.951,0.032,12192.0
407355,45.964,0.04,12192.0
407369,45.998,0.061,12192.0
407384,46.014,0.07,12192.0
407395,46.028,0.078,12192.0
407411,46.059,0.097,12192.0
407420,46.089,0.114,12192.0
407439,46.111,0.128,12192.0
407454,46.133,0.141,12192.0
407466,46.154,0.153,12192.0
407476,46.167,0.16,12192.0
407491,46.197,0.178,12192.0
407504,46.214,0.188,12192.0
407522,46.237,0.201,12192.0
407534,46.25,0.209,12192.0
407554,46.313,0.247,12192.0
407575,46.341,0.263,12192.0
407590,46.362,0.276,12192.0
407606,46.386,0.291,12192.0
407618,46.406,0.302,12192.0
407630,46.421,0.312,12192.0
407640,46.445,0.326,12192.0
407653,46.486,0.351,12192.0
407670,46.509,0.364,12192.0
407680,46.526,0.375,12192.0
407697,46.548,0.385,12192.0
407715,46.587,0.401,12192.0
407727,46.601,0.408,12192.0
407737,46.615,0.414,12192.0
407744,46.63,0.421,12192.0
407756,46.648,0.428,12192.0
407768,46.683,0.444,12192.0
407782,46.714,0.457,12192.0
407793,46.727,0.463,12192.0
407808,46.754,0.474,12192.0
407818,46.768,0.48,12192.0
407827,46.783,0.487,12192.0
407838,46.797,0.493,12192.0
407856,46.854,0.517,12192.0
407866,46.868,0.524,12192.0
407877,46.882,0.53,12192.0
407893,46.897,0.536,12192.0
407910,46.948,0.558,12192.0
407924,46.961,0.563,12192.0
407940,46.986,0.575,12192.0
407949,47.0,0.581,12192.0
407963,47.022,0.591,12192.0
407978,47.066,0.611,12192.0
407987,47.088,0.62,12192.0
407998,47.101,0.626,12192.0
408013,47.128,0.638,12192.0
408024,47.142,0.645,12192.0
408039,47.168,0.656,12192.0
408054,47.21,0.675,12192.0
408072,47.24,0.687,12192.0
408085,47.26,0.696,12192.0
408094,47.273,0.703,12192.0
408108,47.295,0.711,12192.0
408123,47.318,0.722,12192.0
408134,47.365,0.743,12192.0
408146,47.38,0.75,12192.0
408158,47.394,0.756,12192.0
408172,47.426,0.771,12192.0
408188,47.441,0.777,12192.0
408202,47.459,0.786,12192.0
408210,47.5,0.804,12192.0
408225,47.518,0.812,12192.0
408241,47.54,0.822,12192.0
408253,47.57,0.835,12192.0
408268,47.585,0.842,12192.0
408288,47.627,0.861,12192.0
408302,47.658,0.875,12192.0
408311,47.672,0.881,12192.0
408322,47.688,0.888,12192.0
408331,47.707,0.897,12192.0
408345,47.725,0.905,12192.0
408363,47.763,0.922,12192.0
408372,47.8,0.939,12192.0
408384,47.815,0.945,12192.0
408399,47.841,0.957,12192.0
408414,47.866,0.969,12192.0
408429,47.901,0.985,12192.0
408441,47.914,0.99,12192.0
408459,47.943,1.004,12192.0
408480,47.97,1.017,12192.0
408490,48.022,1.041,12192.0
408503,48.037,1.047,12192.0
408515,48.055,1.055,12192.0
408530,48.082,1.068,12192.0
408541,48.101,1.077,12192.0
408558,48.114,1.082,12192.0
408579,48.135,1.092,12192.0
408602,48.213,1.128,12192.0
408622,48.247,1.143,12192.0
408636,48.269,1.154,12192.0
408650,48.314,1.174,12192.0
408666,48.345,1.189,12192.0
408691,48.381,1.206,12192.0
408702,48.407,1.218,12192.0
408711,48.426,1.227,12192.0
408720,48.44,1.234,12192.0
408738,48.47,1.248,12192.0
408749,48.495,1.259,12192.0
408762,48.516,1.269,12192.0
408779,48.536,1.278,12192.0
408804,48.606,1.311,12192.0
408819,48.627,1.321,12192.0
408837,48.654,1.334,12192.0
408851,48.687,1.351,12192.0
408867,48.705,1.365,12192.0
408877,48.72,1.377,12192.0
408895,48.747,1.409,12192.0
408918,48.801,1.48,12192.0
408930,48.815,1.497,12192.0
408941,48.83,1.515,12192.0
408956,48.854,1.545,12192.0
408971,48.884,1.574,12192.0
408987,48.898,1.586,12192.0
408995,48.934,1.618,12192.0
409009,48.956,1.634,12192.0
409024,48.977,1.653,12192.0
409043,49.007,1.678,12192.0
409055,49.035,1.702,12192.0
409068,49.07,1.731,12192.0
409081,49.085,1.743,12192.0
409096,49.11,1.764,12192.0
409110,49.125,1.778,12192.0
409126,49.175,1.82,12192.0
409141,49.19,1.832,12192.0
409155,49.211,1.851,12192.0
409173,49.244,1.878,12192.0
409186,49.258,1.89,12192.0
409205,49.309,1.933,12192.0
409215,49.323,1.945,12192.0
409233,49.351,1.97,12192.0
409248,49.383,1.996,12192.0
409268,49.405,2.015,12192.0
409283,49.448,2.052,12192.0
409301,49.473,2.074,12192.0
409314,49.503,2.101,12192.0
409333,49.529,2.123,12192.0
409351,49.554,2.145,12192.0
409361,49.573,2.16,12192.0
409376,49.621,2.202,12192.0
409394,49.643,2.221,12192.0
409415,49.673,2.247,12192.0
409431,49.702,2.272,12192.0
409446,49.741,2.305,12192.0
409466,49.772,2.332,12192.0
409484,49.802,2.359,12192.0
409500,49.824,2.378,12153.0
409516,49.875,2.423,12001.0
409528,49.887,2.433,11971.0
409544,49.92,2.462,11879.0
409562,49.939,2.478,11826.0
409577,49.989,2.524,11696.0
409596,50.011,2.543,11635.0
409614,50.043,2.571,11551.0
409628,50.06,2.585,11506.0
409645,50.119,2.637,11353.0
409654,50.131,2.649,11315.0
409667,50.149,2.665,11262.0
409679,50.166,2.68,11216.0
409693,50.199,2.709,11125.0
409710,50.22,2.728,11056.0
409724,50.239,2.745,11010.0
409745,50.286,2.787,10881.0
409756,50.311,2.81,10820.0
409772,50.326,2.823,10782.0
409781,50.341,2.836,10744.0
409789,50.355,2.849,10706.0
409802,50.395,2.885,10668.0
409810,50.411,2.898,10660.0
409824,50.429,2.915,10591.0
409851,50.477,2.959,10439.0
409863,50.491,2.97,10401.0
409874,50.513,2.99,10347.0
409888,50.531,3.006,10294.0
409905,50.585,3.056,10111.0
409915,50.601,3.07,10035.0
409932,50.623,3.09,9944.0
409947,50.646,3.112,9845.0
409960,50.672,3.136,9730.0
409982,50.725,3.184,9509.0
410002,50.751,3.208,9403.0
410014,50.773,3.228,9304.0
410035,50.809,3.261,9151.0
410050,50.852,3.301,8961.0
410059,50.869,3.315,8892.0
410070,50.885,3.33,8831.0
410091,50.914,3.357,8702.0
410104,50.973,3.411,8458.0
410118,50.988,3.425,8397.0
410134,51.01,3.446,8305.0
410145,51.027,3.461,8229.0
410166,51.06,3.492,8107.0
410186,51.093,3.523,8031.0
410201,51.139,3.567,7932.0
410209,51.152,3.579,7901.0
410222,51.171,3.596,7848.0
410232,51.19,3.613,7711.0
410250,51.228,3.647,7292.0
410271,51.249,3.659,7162.0
410281,51.26,3.666,7109.0
410301,51.319,3.691,6789.0
410319,51.346,3.702,6637.0
410333,51.368,3.711,6515.0
410349,51.388,3.719,6416.0
410364,51.44,3.734,6141.0
410379,51.457,3.732,6019.0
410395,51.483,3.735,5852.0
410410,51.51,3.751,5669.0
410426,51.521,3.762,5585.0
410444,51.535,3.775,5478.0
410471,51.579,3.817,5120.0
410485,51.599,3.835,4953.0
410501,51.631,3.865,4648.0
410510,51.642,3.875,4556.0
410525,51.66,3.892,4434.0
410538,51.676,3.908,4328.0
410555,51.701,3.931,4168.0
410568,51.725,3.955,4038.0
410582,51.741,3.969,3954.0
410596,51.756,3.983,3878.0
410613,51.769,3.996,3802.0
410630,51.798,4.017,3627.0
410641,51.808,4.024,3566.0
410651,51.84,4.043,3383.0
410662,51.852,4.05,3322.0
410673,51.871,4.062,3223.0
410694,51.898,4.077,3078.0
410713,51.918,4.089,2964.0
410731,51.936,4.099,2895.0
410749,51.978,4.123,2750.0
410769,52.006,4.139,2644.0
410787,52.018,4.146,2606.0
410800,52.038,4.158,2529.0
410816,52.052,4.165,2476.0
410834,52.099,4.192,2308.0
410850,52.11,4.198,2263.0
410863,52.124,4.206,2217.0
410878,52.143,4.218,2148.0
410891,52.157,4.225,2095.0
410903,52.176,4.237,2026.0
410920,52.208,4.256,1897.0
410936,52.226,4.267,1813.0
410950,52.246,4.278,1722.0
410970,52.275,4.293,1600.0
410989,52.288,4.298,1539.0
411000,52.302,4.304,1478.0
411012,52.338,4.32,1341.0
411034,52.357,4.328,1310.0
411052,52.384,4.34,1257.0
411065,52.398,4.346,1234.0
411075,52.411,4.352,1203.0
411093,52.438,4.364,1158.0
411109,52.451,4.369,1127.0
411130,52.49,4.386,1127.0
411153,52.513,4.396,1127.0
411168,52.532,4.404,1120.0
411185,52.559,4.416,1127.0
411206,52.579,4.427,1112.0
411230,52.613,4.465,906.0
411251,52.63,4.498,822.0
411266,52.631,4.509,815.0
411285,52.632,4.545,822.0
411303,52.627,4.58,815.0
411315,52.624,4.598,822.0
411333,52.62,4.619,822.0
411346,52.615,4.642,815.0
411362,52.613,4.655,822.0
411383,52.608,4.68,822.0
411399,52.601,4.701,822.0
411414,52.586,4.718,822.0
411433,52.575,4.727,822.0
411456,52.558,4.729,822.0
411479,52.548,4.729,822.0
411509,52.521,4.726,822.0
411530,52.51,4.725,822.0
411548,52.498,4.724,822.0
411568,52.481,4.722,822.0
411590,52.469,4.721,822.0
411624,52.449,4.719,769.0
411655,52.435,4.718,685.0
411685,52.424,4.717,617.0
411710,52.406,4.715,510.0
411735,52.395,4.715,441.0
411757,52.384,4.713,381.0
411787,52.364,4.712,259.0
411928,52.334,4.712,0.0
412140,52.321,4.732,0.0
412453,52.302,4.745,822.0
