100
21154,56.58,21.207,7315.0,EVRA,EKCH,19801
26750,51.702,1.889,7840.0,LOWW,EGLL,20280
27982,49.816,9.918,7010.0,EDDF,LTBJ,26629
28599,52.618,-1.859,8557.0,EIDW,EGLL,27034
42238,55.155,11.498,7589.0,EKCH,EHAM,41629
50714,51.642,-0.093,3048.0,EDDH,EGLL,45656
55989,54.137,9.925,10972.0,EVRA,EGKK,50456
58719,55.955,-3.355,327.0,EGPH,EGSS,58607
62779,38.051,26.128,12192.0,LLBG,EGLL,56120
64737,60.29,24.842,1074.0,EFHK,EBBR,64621
79996,50.883,-0.12,3741.0,LEVC,EGKK,73445
80955,43.725,17.972,10363.0,LLBG,EGKK,70721
101694,32.005,34.825,579.0,LLBG,LIRF,101644
111265,56.002,37.473,624.0,EFHK,UUEE,105977
115506,55.433,11.508,3390.0,EGKK,EKCH,111162
120439,50.979,4.221,11269.0,EGKK,EDDB,118776
123475,51.478,-0.107,1333.0,LLBG,EGLL,104806
124071,48.627,0.769,11590.0,LPPT,EHAM,117286
125819,40.864,-3.645,5196.0,LEMD,EIDW,125182
126166,51.654,0.26,2979.0,EKCH,EGLL,120339
139193,55.938,37.19,2004.0,UUEE,URSS,138859
139515,55.648,37.019,6256.0,UUEE,URSS,138859
140884,47.957,-0.589,11574.0,LEBL,EGGW,136706
144280,47.723,-4.485,10668.0,EGLL,LPPT,141956
144556,51.998,4.36,1615.0,LEMD,EHAM,137205
146606,51.596,-0.244,2583.0,EPWA,EGLL,139362
149336,54.828,3.284,11887.0,EKCH,EGGP,146326
157863,51.028,0.485,4236.0,ELLX,EGLL,155219
170172,51.184,0.065,815.0,LEMG,EGKK,160549
182531,52.17,21.398,10523.0,LEMD,UUEE,171605
201054,41.137,-3.252,6461.0,LEMD,LFPO,200570
214450,42.799,23.896,3124.0,EPWA,LBSF,208886
220220,51.063,0.331,2156.0,EKCH,EGKK,215276
221417,51.249,-0.533,3375.0,LPPT,EGLL,214142
222501,40.445,-3.309,10972.0,LEMG,EGKK,219961
232612,40.647,-3.678,2887.0,LEMD,EGLL,232402
242732,46.495,5.71,4610.0,EGLL,LSGG,239161
282025,39.42,-0.594,11887.0,LEBL,LEZL,280411
285089,48.512,0.383,11285.0,EGKK,LEMI,283340
303391,54.283,-5.476,4876.0,EGPH,EIDW,301257
303966,56.843,25.836,10972.0,UUEE,EHAM,300122
304742,55.727,14.636,7208.0,EVRA,EKCH,300599
306527,47.475,-4.323,11574.0,LEMD,EIDW,302048
307261,48.984,40.419,10363.0,URSS,UUEE,304053
316018,46.433,14.934,8122.0,LDZA,EGLL,315174
323695,44.098,18.282,11574.0,LLBG,EGLL,314626
327579,49.095,40.426,10980.0,URSS,UUEE,324394
327654,51.646,0.162,3657.0,EKCH,EGLL,321950
328205,59.738,19.645,7239.0,EFHK,ESSA,326134
331336,56.095,13.865,4244.0,EFHK,EKCH,326741
337081,46.924,1.219,11277.0,EKCH,LEMD,330371
337244,55.415,11.187,6400.0,EGLL,EKCH,333244
338155,49.397,-1.969,11376.0,LPPT,EGLL,330651
338292,38.16,-7.43,4579.0,LEBB,LPPT,327835
373142,53.43,-4.95,8115.0,EIDW,EGKK,372426
380757,54.906,12.346,4823.0,LEBL,EKCH,372801
386501,58.676,13.237,11269.0,EGCC,ESSA,381199
389914,53.962,8.478,11574.0,EKCH,EHAM,387551
397950,55.438,33.585,10668.0,EDDB,UUEE,389397
407448,52.755,6.799,11590.0,EDDH,EGLL,405877
409570,51.522,2.604,10256.0,LDZA,EGLL,403718
418173,53.739,7.637,11590.0,EKCH,EGLL,415613
418502,48.609,9.251,7490.0,EPWA,LSZH,411278
424795,50.78,15.288,10660.0,EDDS,UUEE,422335
452841,46.412,1.217,11277.0,LFPO,LEMD,450854
459861,46.592,-0.682,10363.0,LEBL,EGKK,455590
461985,50.571,9.94,10355.0,LDZA,EHAM,458513
462061,50.667,9.751,10370.0,LDZA,EHAM,458513
474028,55.773,12.822,1341.0,EGKK,EKCH,469100
486130,57.737,16.014,11277.0,EKCH,ESSA,484299
492034,46.737,-4.214,10980.0,LPPT,EGLL,486421
499933,55.182,29.068,10751.0,UUEE,EDDB,495633
503460,42.117,5.059,10965.0,LEBL,EDDB,501673
512359,48.913,-1.194,11590.0,LEVC,EGKK,505978
517624,47.88,16.906,10668.0,LIRF,UUEE,513812
521940,53.491,27.772,10668.0,LIMC,UUEE,514679
528004,49.05,24.741,10043.0,EIDW,LUKK,519251
537010,33.419,32.072,11582.0,LLBG,EGLL,535459
543971,48.228,5.248,11597.0,LSZH,EGLL,541405
544346,47.998,18.658,10980.0,UUEE,LIRF,535768
547938,56.362,12.277,12496.0,EHAM,ESSA,544579
548864,51.534,1.232,7117.0,EGGW,LBSF,548055
549115,37.394,-3.658,5486.0,LEGR,LEBL,548630
551826,50.506,20.196,11590.0,UKLL,EGGW,550180
554821,55.051,24.562,10972.0,UUEE,EDDB,550305
578282,57.416,36.344,10820.0,EFHK,UUEE,574369
580876,49.328,2.653,11574.0,LSGG,EGLL,578423
589602,49.426,1.251,10675.0,EGLL,LIRF,587746
598884,51.463,-0.443,0.0,EGLL,UUEE,598806
646434,49.352,2.921,11590.0,LSGG,EGPF,643915
647574,54.293,17.948,9456.0,EGLL,UUEE,642549
649071,48.671,11.031,11277.0,EGCC,LTAI,644424
655042,40.213,-3.416,2849.0,LEMD,EGLL,654731
655735,47.549,7.348,8610.0,LSZH,EHAM,655001
658240,50.164,0.565,8831.0,EGLL,LFSB,657024
661507,45.058,8.606,11574.0,LIRQ,EHAM,660051
667336,50.897,9.095,10683.0,EKCH,LEBL,664044
669405,41.395,10.465,9006.0,LEBL,LIRF,666065
674120,46.075,6.51,4640.0,LIPZ,LSGG,671340
680860,43.298,21.841,11582.0,OLBA,EHAM,672620
