200
13916,48.283,40.392,10363.0,URSS,UUEE,11088
21285,58.599,21.042,11582.0,EFHK,EKCH,19723
22522,50.472,13.672,10355.0,UUEE,LEMD,13744
28446,52.165,2.959,11178.0,EGGW,EDDB,27316
29801,51.814,15.356,6835.0,LLBG,EDDB,16255
33544,45.009,14.204,10972.0,OLBA,EGLL,21947
35412,41.149,-3.245,6507.0,LEMD,EBBR,34685
37264,51.884,-0.31,441.0,EPPO,EGGW,29769
39515,53.167,1.415,11277.0,EGPH,EHAM,35829
39600,57.312,11.515,11567.0,EFHK,EGLL,34575
44606,49.596,22.288,10660.0,LBSF,UUEE,39922
47688,40.217,-3.115,1988.0,LSZH,LEMD,41470
49956,42.127,-2.957,11582.0,LEMG,EGKK,46689
55800,51.478,-0.205,1005.0,EIDW,EGLL,51773
55874,52.029,4.523,1714.0,LIRF,EHAM,49294
58425,40.028,-7.481,10317.0,LPPT,EHAM,57254
60383,40.852,-3.06,11277.0,EDDH,LEZL,50867
60831,48.69,16.393,10332.0,EFHK,LEMD,53837
61671,50.99,8.608,12192.0,LSZH,EHAM,59594
62820,49.201,11.571,11574.0,LBSF,EBBR,56992
64950,43.369,-3.094,10363.0,LEMD,EGKK,63167
72996,50.938,40.53,10363.0,URSS,UUEE,69069
73650,44.057,21.724,10271.0,LBSF,EGKK,72478
81104,51.475,3.998,5052.0,LEBL,EHAM,75642
106222,33.02,32.911,9921.0,LLBG,EGLL,104806
108308,35.909,29.813,9144.0,LLBG,EGGW,103434
109849,38.868,-9.059,1280.0,LPPT,EGKK,109732
111410,50.083,19.056,10965.0,UUEE,LEBL,102962
113308,42.531,20.566,10980.0,LLBG,EGGW,103434
117650,57.366,10.424,10668.0,EGLL,ESSA,113130
120091,47.063,0.833,8282.0,LEMD,LFPO,116205
120765,51.764,-0.674,3360.0,KDEN,EGLL,116049
121580,48.966,0.389,10058.0,EGNM,LZIB,120710
122368,48.676,9.465,4259.0,EDDS,LTAI,121989
125805,57.357,10.839,10965.0,EFHK,EGLL,121472
126807,44.84,-2.505,11582.0,LEMD,EGGW,124054
130156,52.311,16.962,12192.0,EPWA,EHAM,128615
130363,52.294,39.901,10972.0,URKK,UUEE,126197
132467,50.468,-1.463,6979.0,LPPT,EGLL,124695
134337,55.603,12.162,3535.0,LEMD,EKCH,124877
139324,41.016,-6.169,11567.0,LPPT,LSGG,137368
141574,59.412,18.159,2644.0,EKCH,ESSA,138772
141779,49.566,40.439,10675.0,UUEE,URKK,138105
142234,50.317,1.316,8092.0,LGTS,EGKK,132738
143453,42.767,-3.206,10965.0,LEMG,EGKK,139863
148994,48.586,-1.841,11582.0,LEZL,EGCC,142280
149717,50.556,15.256,11574.0,LRCL,EGKK,146132
151118,51.917,2.454,7216.0,LLBG,EGGW,134240
152240,52.323,0.575,10972.0,EIDW,EHEH,149985
154306,51.788,23.706,10668.0,LEBL,UUEE,145463
157137,52.037,5.899,10957.0,LRCL,EGGW,150550
161522,51.13,-0.604,3825.0,LPPT,EGLL,153390
170335,39.62,-1.089,2080.0,LPPT,LEVC,166865
186339,56.717,26.222,11582.0,UUEE,EHAM,182184
194309,35.709,34.05,9753.0,LLBG,UUEE,191470
202151,53.783,-2.022,10980.0,EGLL,EGPF,200619
214617,55.741,11.893,2979.0,EGCC,EKCH,209670
218446,52.219,20.973,11277.0,LIMC,UUEE,211691
218523,39.761,-4.608,10363.0,LEZL,EDDF,217002
219421,48.695,2.73,1485.0,LPPT,LFPO,212258
220240,36.546,-4.47,3421.0,LEMG,EGKK,219961
222036,57.052,14.708,12489.0,EKCH,ESSA,220807
222470,51.174,21.309,10058.0,LFMN,UUEE,215653
223078,43.81,7.101,4244.0,LFMN,EBBR,222719
223791,48.454,2.118,10370.0,LEZL,EDDF,217002
224400,50.571,5.406,10203.0,EGLL,EDDF,222394
228374,54.448,9.214,11582.0,EETN,EGKK,223182
228945,51.063,-0.882,3467.0,LEMD,EGLL,222647
232005,50.724,-0.827,4389.0,GMMX,EGKK,221470
236402,58.607,13.8,11285.0,EGLL,ESSA,231006
236885,50.818,19.25,10972.0,LBSF,EKCH,232110
243351,51.37,-0.648,2324.0,EGLL,LSGG,243149
245513,52.75,6.465,10972.0,EDDH,EGKK,244116
246618,44.002,6.715,11292.0,EGLL,LIRF,242131
247832,48.322,5.088,11582.0,LFSB,EGKK,246620
254842,49.324,-3.569,12192.0,LEMD,EIDW,250233
255988,55.32,23.187,10668.0,EHAM,UUEE,250229
256015,39.171,-8.231,4655.0,EHAM,LPPT,247159
256655,54.162,28.428,10668.0,EDDS,UUEE,249250
276174,53.976,26.962,9753.0,UUEE,LEMD,272201
282122,44.108,-0.736,11277.0,LFPO,LEMD,278301
285965,51.478,-0.253,762.0,EDDH,EGLL,280841
293991,52.466,10.781,10972.0,EDDS,EKCH,291649
294558,45.227,39.738,4572.0,UUEE,URKK,284294
298411,53.411,-0.803,11582.0,LRCL,EIDW,289378
303962,45.848,22.686,10363.0,LGTS,UUEE,301055
304722,47.629,-1.184,10370.0,LEBL,EGKK,301084
305798,38.562,-8.792,2887.0,LEVC,LPPT,299171
307449,49.339,-4.661,11574.0,LEMD,EIDW,302048
308140,54.84,31.758,10058.0,LOWW,UUEE,301611
310039,48.265,-4.231,6065.0,LFRB,LFPO,309589
311065,46.94,-2.952,10980.0,LPPT,EGKK,305562
311195,44.059,23.983,11887.0,EDDH,LTAI,304092
312399,48.956,1.963,9464.0,EGKK,LSGG,310601
312849,44.672,-0.876,10972.0,LEMD,LFPO,310230
312861,56.024,37.618,876.0,URKK,UUEE,305211
315649,51.691,0.775,4709.0,EKCH,EGLL,310140
317356,56.133,14.042,9441.0,EFHK,LEMD,313179
317547,53.789,7.813,11574.0,EKCH,EGKK,315315
320230,56.067,36.833,3985.0,LIMC,UUEE,308524
322709,51.425,-0.622,11582.0,LEMG,EGGP,314866
331205,49.793,2.272,11163.0,LSZH,EGKK,328463
334273,49.507,-1.696,10927.0,LEBL,EGLL,329276
335001,50.936,6.154,4732.0,EPWA,EBBR,329642
337892,51.818,-2.322,9753.0,EGKK,EIDW,336752
338149,49.678,2.529,10965.0,LIRF,EGLL,332876
339121,46.631,4.719,10363.0,LIRF,EGKK,335038
364734,54.493,37.868,9288.0,UUEE,URKK,363432
365579,59.625,20.381,7315.0,EETN,ESSA,363772
373209,52.077,-5.599,9441.0,EINN,EGLL,371961
373703,52.042,3.587,11582.0,EKCH,EGLL,370064
374649,45.688,7.456,10347.0,LIRF,EGLL,371711
376996,52.496,15.245,8526.0,EPPO,EGGW,376314
379310,53.555,25.776,10668.0,EPWA,UUEE,377476
383879,36.086,34.071,9753.0,LLBG,UUEE,380601
385187,60.003,23.585,6454.0,EFHK,EKCH,384576
386785,50.587,-0.949,4244.0,LEBB,EGKK,382433
388859,55.764,12.741,1005.0,EGBB,EKCH,383239
394961,45.001,11.327,9281.0,LIRQ,EDDF,394025
397529,51.698,0.871,6499.0,EFHK,EGLL,388395
399243,50.206,20.678,10668.0,LEBL,UUEE,391202
403076,49.592,-2.662,10919.0,EGKK,LEZL,401719
406567,44.339,8.846,10972.0,LIRF,EGLL,404372
408505,42.153,29.15,10972.0,LLBG,ESSA,402144
417225,59.905,20.771,10317.0,EKCH,EFHK,413971
417472,45.861,-0.199,9753.0,LEMD,EHAM,413805
419324,55.591,35.234,6911.0,EGLL,UUEE,408796
420921,43.394,10.033,10972.0,LIRF,EGLL,419449
423712,56.357,19.451,10066.0,EDDH,UUEE,420596
424179,46.679,-2.755,11574.0,LEMD,EGLL,420016
429614,41.141,14.864,11582.0,LLBG,LIRF,419171
456039,60.176,23.044,7772.0,EFHK,EGLL,455357
456327,53.176,5.593,11277.0,EGPH,EDDB,453144
458179,52.577,3.656,11277.0,EGNX,EDDB,456303
460985,38.916,-8.23,12192.0,GMMN,EGKK,457747
471691,48.595,1.268,10972.0,LEMG,EBBR,464394
473477,40.539,-2.393,5387.0,LEBL,LEMD,471226
477085,56.217,18.286,10668.0,EKCH,UUEE,474897
480027,37.814,-4.54,11582.0,GMMN,LSGG,477277
483954,52.615,40.597,10363.0,LLBG,UUEE,472363
489816,51.208,0.666,2651.0,EVRA,EGKK,481666
491016,47.506,11.309,11887.0,EGLL,LLBG,487117
491195,46.742,-2.487,10972.0,LEMD,EGLL,487164
494093,55.802,14.222,5227.0,EVRA,EKCH,490925
494429,44.263,20.918,12192.0,LLBG,EGLL,486036
498770,47.827,1.268,11582.0,LEVC,EHAM,493249
501673,46.25,-0.344,11590.0,LEBL,EGLL,497819
506960,46.849,10.907,10972.0,LEBL,EDDB,501673
507313,42.012,-4.111,8115.0,EGKK,LEMD,502044
507414,51.954,0.69,6591.0,EGLL,EKCH,506623
509096,50.996,0.579,2743.0,EKCH,EGKK,503233
518399,36.993,30.023,11277.0,EPWA,OLBA,509366
542284,51.893,3.344,7315.0,EHAM,EGLL,541535
542990,50.403,7.019,10660.0,EGLL,LOWW,540782
543179,59.839,18.116,1318.0,EVRA,ESSA,540310
548305,51.402,1.23,6545.0,EGSS,LZIB,547614
559638,56.729,-1.62,5882.0,EGPD,EHAM,559205
560618,37.837,-5.015,4686.0,LEBL,LEZL,556274
565553,50.776,16.519,10050.0,LEMD,UUEE,557640
567284,56.834,24.319,3314.0,EVRA,UUEE,567041
569217,55.125,13.467,10972.0,UUEE,EGLL,562399
573111,53.656,-2.52,10363.0,LPFR,EGPH,564744
573480,50.415,5.641,11559.0,LDZA,EGLL,568422
574959,40.536,-7.396,11262.0,LSZH,LPPT,566661
578867,46.587,4.883,11574.0,LFMN,EGKK,576431
579605,50.479,1.047,6355.0,LIRF,EGKK,572299
580753,38.981,-1.335,5654.0,LEVC,GMMN,579410
581044,53.628,26.728,10050.0,LSGG,UUEE,573788
582588,51.464,-0.45,0.0,LSGG,EGLL,576928
582984,37.497,-8.833,11277.0,EGKK,GCRR,574078
583361,54.137,8.582,10972.0,EKCH,EGLL,581579
584911,44.05,22.197,10972.0,LBSF,EDDB,583841
591959,48.167,-1.274,11574.0,LEVC,EGKK,586469
596251,46.473,6.509,10965.0,LIRF,EGLL,592470
600105,37.009,-4.459,3832.0,LEMG,UUEE,599750
623590,54.659,31.009,9448.0,UMMS,UUEE,622270
626685,35.228,26.909,11574.0,OLBA,GMMN,622826
634819,53.387,-6.301,2407.0,EIDW,EGLL,634674
638232,54.855,12.272,5044.0,LEBL,EKCH,630374
638594,46.666,40.654,11879.0,UUEE,URKK,633170
639065,52.944,-2.275,8823.0,EGAC,EGLL,637344
641175,41.347,0.164,11590.0,LEMD,LIRQ,639486
646085,51.101,0.396,1859.0,UMMS,EGKK,634549
648417,58.732,14.094,11277.0,EGLL,ESSA,643329
653502,48.395,13.931,11597.0,LBSF,EGMC,648402
654052,48.701,3.201,10363.0,LSGG,EGKK,651958
654355,46.722,21.505,11582.0,LBSF,EKCH,651561
659464,50.999,-0.53,5173.0,EGLL,LSGG,658939
661649,52.925,2.135,8717.0,EGPF,EHAM,659001
663847,46.107,-3.438,11277.0,EGGW,LEMG,659977
664329,51.633,-0.27,7620.0,EGKK,EGPF,663689
666614,52.119,9.614,10668.0,EKCH,LEBL,664044
667478,52.047,-1.652,5707.0,EIDW,EGKK,665467
669877,42.695,23.44,464.0,EGPH,LBSF,658847
670760,50.934,0.692,6019.0,LIRF,EGLL,664084
672641,48.083,40.385,10363.0,URSS,UUEE,670014
673227,40.329,-3.353,10972.0,LEMG,EGKK,670714
680114,48.203,5.371,11574.0,LSZH,EGGW,678555
680173,51.155,-0.133,335.0,LEMD,EGKK,673974
680766,42.071,4.394,8534.0,LEBL,LSGG,679447
