1000
15232,33.385,31.9,8526.0,LLBG,LPPT,12974
16298,38.041,31.672,10363.0,LLBG,EHAM,12288
18640,55.994,37.416,441.0,URSS,UUEE,11088
20401,55.74,12.813,922.0,ENZV,EKCH,17500
21199,53.36,-2.261,236.0,EGCC,LBSF,20665
22807,52.07,2.631,9052.0,EGGW,LRSM,21715
23124,56.789,15.534,11582.0,EFHK,EKCH,19723
23746,45.076,11.317,8542.0,LIPZ,LEMD,22963
24357,41.496,-3.613,8702.0,LEMD,EGKK,23569
24609,47.129,2.021,11277.0,EHEH,LEAL,21685
25800,52.608,4.727,739.0,LIMC,EHAM,19837
25934,45.298,-0.343,10972.0,LEBL,EGKK,23271
26206,53.587,5.312,11277.0,EGPH,LZIB,23461
26799,40.884,7.486,10058.0,LLBG,LPPT,12974
27002,53.706,7.467,11582.0,EKCH,EGLL,24579
27691,54.321,8.469,13106.0,EFHK,EGLL,21881
28498,42.257,-0.476,10668.0,UUEE,LEMD,13744
29072,41.206,1.247,10058.0,LLBG,LPPT,12974
29234,51.797,40.152,10363.0,URSS,UUEE,24930
29247,53.37,37.794,10980.0,URKK,UUEE,24538
29381,47.167,-3.977,11277.0,EGLL,LPPT,26306
29483,58.34,5.775,11582.0,ESSA,EGCC,25225
29878,51.361,-1.198,4564.0,EINN,EGLL,27350
29943,48.161,15.612,11887.0,EDDF,LTBJ,26629
30828,51.158,0.175,4549.0,LFMN,EGLL,25547
30971,42.545,20.758,10980.0,LLBG,EBBR,21750
32306,41.534,-3.437,7536.0,LEMD,EGLL,31590
32791,38.632,-2.321,10668.0,LEBL,LEZL,30688
32858,54.891,24.275,9753.0,UUEE,EGLL,27618
34216,34.257,30.807,11879.0,ESSA,LLBG,21488
35699,52.799,10.381,10828.0,EGKK,EDDB,32585
35949,59.083,18.515,10972.0,EFHK,EGLL,33762
36039,47.243,8.034,10980.0,OLBA,EGLL,21947
36242,49.808,-1.681,9784.0,LEMD,EGLL,31590
36449,42.683,23.191,2933.0,LIRF,LBSF,31859
36594,32.262,33.794,5974.0,LLBG,UUEE,35493
37092,42.947,9.759,11460.0,LIRF,EGKK,35809
37447,53.432,-4.538,8001.0,EIDW,EHAM,35962
37805,55.798,13.302,2110.0,UUEE,EKCH,29665
38129,55.518,31.7,9753.0,UUEE,EDDF,36066
38487,52.603,10.024,11582.0,EDDB,EGPF,36931
38786,52.181,7.28,10972.0,EKCH,LEMD,35679
39458,52.867,7.483,11582.0,EDDB,EGPF,36931
39600,40.693,1.209,10210.0,LEVC,UUEE,38427
39955,57.783,34.875,10058.0,EFHK,UUEE,37124
40390,51.465,-0.267,746.0,LSGG,EGLL,34751
41301,50.991,-1.096,3657.0,EGKK,GMMN,40780
41531,51.708,1.0,5791.0,UUEE,EGLL,27618
41577,46.456,-3.781,10972.0,LEMD,EIDW,37947
41711,49.669,17.831,10363.0,EPWA,LIRF,39975
41934,40.889,-0.126,8229.0,LEBL,LEMD,40791
41968,55.402,12.133,4191.0,EKCH,EHAM,41629
42120,40.432,-6.981,10972.0,LPPT,EGGW,39687
42121,47.474,8.788,3520.0,LSZH,EKCH,41029
42596,41.517,1.664,5166.0,LEBL,EBBR,41775
43988,40.978,8.259,10668.0,LIRF,LPPT,42261
44021,55.351,12.847,2453.0,LIRF,EKCH,35850
44128,45.977,-0.61,10972.0,LEVC,EGKK,39454
45334,55.918,-3.465,1143.0,EGPH,EGLL,44550
45546,52.116,16.116,10668.0,EDDC,UUEE,44338
45576,56.073,36.793,4290.0,LIRF,UUEE,33514
46078,45.417,15.351,10972.0,LUKK,LIPH,41201
47056,39.63,25.545,10980.0,LLBG,EDDB,40065
47318,55.988,37.379,297.0,URSS,UUEE,39078
47347,53.154,16.04,10050.0,EDDB,UUEE,46081
47606,47.69,40.372,10972.0,URSS,UUEE,45331
47875,47.634,4.345,10972.0,LSGG,EGLL,46378
48032,47.384,8.335,3246.0,LSZH,EGLL,47678
48080,43.12,9.089,9753.0,LIRF,EGLL,46543
48509,53.942,20.505,10058.0,EDDB,UUEE,46081
49155,40.201,0.002,7962.0,LEVC,EGLL,48479
49219,55.564,35.078,7566.0,EPWA,UUEE,44272
50236,55.73,7.063,11590.0,EFHK,EGLL,43932
50538,45.538,39.767,10355.0,LLBG,UUEE,40810
51463,53.461,7.52,11879.0,GMMN,EKCH,40320
51514,52.362,15.487,11277.0,LEBL,UUEE,43879
51991,55.556,34.933,6400.0,EDDC,UUEE,44338
52149,40.644,-3.481,2232.0,LEMD,EKCH,51904
52543,52.769,7.521,10972.0,EDDH,LEZL,50867
52592,48.247,0.318,10363.0,LPPT,ESSA,46644
53819,40.575,-4.636,7437.0,LEMD,LPPT,53034
54045,52.442,4.576,11590.0,EKCH,EGLL,50357
54074,45.681,22.706,10972.0,LTAI,EGPF,48098
55096,51.401,0.098,3048.0,LBSF,EGLL,44904
55214,48.563,4.681,11574.0,LSZH,EGLL,53165
55453,40.512,-4.367,10058.0,LEBB,LEZL,53746
55910,51.018,0.802,3649.0,EETN,EGKK,45425
55952,56.062,37.688,1356.0,LFMN,UUEE,42425
56054,54.655,9.56,10050.0,EBBR,EKCH,53358
56058,36.46,-4.901,2682.0,EGLL,LXGB,47978
56993,48.843,3.121,8526.0,LSGG,EGLL,55013
58010,42.075,1.655,8343.0,LEBL,EKCH,57200
58567,40.492,-3.574,502.0,LEMD,EGKK,58553
58623,44.838,21.204,11582.0,LBSF,EBBR,56992
58946,38.98,-4.857,10972.0,GMMX,EBBR,53885
59626,48.668,9.111,1691.0,EDDS,EGLL,59150
60100,51.094,-0.558,2933.0,EGKK,LPPT,59857
60400,48.411,9.462,10180.0,LSZH,EHAM,59594
60829,51.163,0.276,1844.0,LFMN,EGKK,55310
61111,56.958,14.574,11277.0,LEBL,ESSA,52278
61262,53.408,6.728,11582.0,EKCH,EGLL,58371
61839,52.802,5.286,11574.0,EKCH,EGLL,58371
62634,44.892,-4.431,11277.0,EKCH,LPPT,53465
63624,50.048,3.569,10652.0,ELLX,EGLL,61641
63834,46.422,6.704,11262.0,EDDB,LEBL,59323
63864,45.054,9.124,10668.0,EFHK,LEMD,53837
63953,39.622,30.065,10363.0,LLBG,EDDB,57427
64082,50.134,-1.345,8237.0,LEBL,EGKK,59019
64382,43.937,0.766,11582.0,LEBL,EGKK,62580
65989,51.106,22.714,10675.0,LIRF,UUEE,59478
66129,55.344,31.247,10980.0,UUEE,LIPZ,62906
66270,53.732,3.174,10972.0,EFHK,LPPT,58629
66746,46.391,18.878,10370.0,OLBA,EGLL,57286
66754,52.138,0.117,2026.0,LEMG,EGGW,58247
67014,44.173,24.793,10363.0,LLBG,EDDB,57427
67486,51.033,0.42,4602.0,LSZH,EGLL,63254
68047,51.391,-0.054,2072.0,LSZH,EGLL,63254
68160,43.726,17.916,10965.0,LGTS,EGKK,65414
68220,40.735,-8.037,9448.0,EGLL,LPPT,61672
68456,44.005,17.15,10980.0,LGTS,EGKK,65414
68505,53.477,27.737,9448.0,LEBL,UUEE,57756
68863,48.434,2.321,11277.0,EHAM,LEMD,66208
68863,48.522,13.699,10363.0,OLBA,EGLL,57286
69127,51.792,-0.025,5836.0,EGLL,EKCH,68524
69585,54.708,31.209,9448.0,LEBL,UUEE,57756
70635,53.833,10.344,11582.0,EFHK,EBBR,64621
70750,41.589,29.227,10972.0,LLBG,LOWW,64116
70950,54.143,8.631,10988.0,EKCH,EGLL,68788
71335,48.236,11.21,4305.0,EGLL,EDDF,70985
71346,56.778,13.939,9852.0,EFHK,EKCH,67278
71708,51.227,3.476,9296.0,LLBG,EGGW,54212
71711,49.851,-1.47,9753.0,LEBL,EGKK,66780
73211,51.611,2.677,8763.0,OLBA,EGLL,57286
73601,46.362,0.982,11277.0,EDDH,LEMD,68149
74912,59.763,18.402,1310.0,EIDW,ESSA,67379
75497,40.772,-3.66,4038.0,LEMD,EGGW,75044
76046,49.924,2.227,9136.0,LSZH,EGLL,72929
76088,51.478,-0.26,838.0,LPPT,EGLL,68099
78283,50.549,1.048,5760.0,LFSB,EGKK,74900
78937,54.985,7.167,10668.0,EGLL,ESSA,75288
80399,50.887,-0.104,2918.0,LEVC,EGKK,73445
80411,50.705,5.69,10965.0,LBSF,EGKK,72478
80459,51.052,0.29,2118.0,EDDH,EGKK,75492
80494,51.923,0.015,3482.0,LPPT,EGGW,72264
80596,52.66,10.914,11590.0,EPBY,EGGW,77802
80627,43.4,18.844,10363.0,LLBG,EGKK,70721
81518,55.488,37.274,6560.0,UUEE,URSS,80754
81780,38.255,26.931,10988.0,LLBG,EGCC,75591
81895,51.892,0.011,3208.0,LSZH,EGGW,77297
84002,46.291,15.424,10660.0,LIRF,UUEE,81316
84896,55.805,1.941,11582.0,EVRA,EIDW,77847
85246,51.245,37.032,8161.0,UUOB,UUEE,84624
87126,48.405,22.026,10408.0,LUKK,UUEE,84391
88032,50.339,16.367,10370.0,LEBL,UUEE,81615
91093,52.245,10.098,11269.0,EIDW,LUKK,86247
95815,55.819,36.513,5067.0,LEMG,UUEE,80877
96114,54.085,28.959,6111.0,UMMS,UUEE,95563
97263,43.541,39.667,3063.0,URSS,UUEE,96937
98785,36.378,27.252,11582.0,OLBA,LIRF,94233
104200,58.266,19.808,10972.0,EETN,EKCH,102349
107266,37.21,-5.427,5242.0,LEMG,LPPT,106185
107276,52.549,5.667,3162.0,UUEE,EHAM,96665
107903,50.147,4.838,10668.0,EDDT,LPPT,104403
108145,59.735,17.99,876.0,EFHK,ESSA,105267
108600,56.425,19.832,10972.0,EVRA,EKCH,106930
109479,40.606,1.175,10965.0,LEMG,ESSA,106411
110364,53.345,-6.327,2720.0,EIDW,EGKK,110073
111683,55.448,11.085,11574.0,EFHK,EBBR,105049
111860,51.605,-0.557,1943.0,EGLL,EKCH,111584
112231,52.427,-5.775,7216.0,EIDW,EBBR,111567
113277,53.421,-6.251,68.0,EIDW,EGKK,113262
113676,56.169,17.844,11582.0,EVRA,EGKK,111227
114558,47.027,12.726,10972.0,UUEE,LEVC,103549
115259,44.432,14.138,10363.0,LIRF,EPWA,113482
116355,51.22,40.584,10972.0,URSS,UUEE,111875
117272,55.786,2.712,10965.0,EKCH,EGCC,114173
117590,50.624,39.889,10668.0,UUEE,URKK,114284
118565,52.651,11.752,11582.0,UUEE,EBBR,108894
119171,47.342,-3.249,11582.0,LPPT,EGLL,113904
121085,49.304,-1.808,10363.0,LEMD,EGLL,115775
121606,37.958,-0.911,3063.0,LEMI,EGKK,121372
121803,41.608,1.659,4960.0,LEBL,EGKK,121264
122298,51.158,-0.119,312.0,LEMD,EGKK,115712
122737,52.265,4.734,388.0,EGGD,EHAM,119450
122817,41.414,-8.668,10363.0,LPPT,EIDW,121226
123324,55.947,38.189,2811.0,URKK,UUEE,116750
123511,38.366,-3.88,9738.0,LEMG,EGKK,122364
123515,57.339,17.441,7315.0,EETN,EKCH,120044
123895,47.817,3.597,6819.0,LIRF,LFPO,119000
123906,43.074,23.194,4640.0,LBSF,EGKK,122759
124772,48.773,2.692,1181.0,LIRF,LFPO,119000
125332,51.667,3.83,4945.0,LEBL,EHAM,119263
125367,42.772,-3.863,11582.0,LEZL,EIDW,122131
125645,49.761,2.474,8199.0,LEMG,EBBR,118035
126732,41.331,-3.225,9029.0,LEMD,LFPO,125443
127420,43.605,-3.855,10972.0,LEMD,EIDW,125182
127621,55.823,9.768,10538.0,EGCC,EKCH,123496
127899,44.213,1.776,11277.0,LSZH,LPPT,124120
128000,46.352,22.241,10965.0,LBSF,UUEE,126074
128011,44.721,3.485,10363.0,LEMD,UUEE,124325
128244,54.075,29.37,11277.0,LIRF,UUEE,119626
128708,42.468,-3.657,11582.0,LEMD,EGKK,127389
128789,48.921,3.676,11582.0,LSZH,EGLL,126229
130146,35.059,28.538,10363.0,LLBG,LEMD,125440
130197,50.829,3.181,10767.0,EGGW,LLBG,128647
130636,55.685,20.48,10668.0,EGLL,UUEE,124313
130676,51.168,0.341,3794.0,LSZH,EGLL,126229
131136,51.478,-0.173,929.0,LLBG,EGLL,112507
132243,38.708,-8.588,4579.0,LEVC,LPPT,126078
132549,50.513,7.856,8229.0,LOWW,EBBR,128448
134554,43.879,-1.46,10980.0,LEMG,EBBR,130375
135378,50.757,13.915,9768.0,LHBP,EGGW,132724
135648,40.154,-3.475,11582.0,LEMG,EGKK,133592
136128,56.017,33.411,8473.0,EVRA,UUEE,133404
136437,53.392,-2.434,1402.0,EGCC,ESSA,135906
136526,47.74,7.424,1150.0,EGLL,LFSB,132011
136999,44.136,-3.136,10972.0,LEZL,EGKK,133011
138312,55.437,34.442,7010.0,LEMD,UUEE,124325
139456,47.806,8.148,10965.0,LEMG,ESSA,131950
140673,51.959,-0.176,1318.0,LHBP,EGGW,132724
141415,51.935,4.946,10972.0,EDDB,EGNX,138145
141774,53.72,6.23,11269.0,EGLL,EKCH,139259
142594,35.285,29.469,10980.0,LLBG,EBBR,138986
143738,42.885,-2.368,10972.0,LEMG,EKCH,140073
143796,45.342,4.817,6103.0,LPPT,LSGG,137368
144256,52.138,18.283,9906.0,EPWA,EBBR,142998
144342,42.278,13.178,11277.0,LBSF,LEMD,139616
145268,53.984,8.253,11582.0,EKCH,EGKK,142867
145491,45.761,-0.374,10972.0,LEMG,EKCH,140073
146464,48.065,-2.141,10980.0,LEMG,EGKK,139863
146962,50.976,3.369,7330.0,LEBL,EHAM,140848
148294,51.593,0.092,3154.0,ESSA,EGLL,141009
149749,50.902,4.536,91.0,LEMD,EBBR,142236
149821,43.209,11.849,9837.0,LIRF,ESSA,148907
150050,40.569,-7.767,11277.0,EHEH,LPPT,143186
150672,41.087,2.329,4747.0,LEBL,LFSB,150173
150703,39.77,29.926,10972.0,LLBG,EDDB,145101
151480,50.688,5.815,4602.0,LHBP,EBBR,146451
151877,44.589,0.671,10058.0,EGCC,LEMI,147293
152373,59.014,14.575,10119.0,EGLL,ESSA,145198
152403,43.022,5.57,9761.0,LEBL,LFSB,150173
152534,51.511,4.477,4175.0,EKCH,EBBR,149235
152667,44.219,20.937,12192.0,LLBG,EGLL,143687
152701,55.65,1.985,11871.0,EGCC,EFHK,150647
153375,45.369,-2.731,10972.0,LEMD,EGKK,150511
154020,51.898,13.674,11879.0,LIRF,ESSA,148907
154152,39.334,-6.196,5791.0,LEVC,LPPT,150011
154258,55.691,34.104,10058.0,EVRA,UUEE,151429
155564,53.718,-3.179,10957.0,EGGW,EGAA,153739
155758,54.749,13.206,8602.0,EKCH,LOWW,154713
156954,51.074,0.209,1463.0,LIRF,EGKK,149689
157649,43.325,-7.765,11582.0,LPPT,EGLL,154291
157758,36.647,-7.789,10668.0,EGLL,GMMN,151012
158212,50.792,5.783,12192.0,LLBG,EGLL,143687
158836,42.22,-3.586,11582.0,LEZL,EHAM,155685
159143,39.984,24.006,10363.0,LLBG,EGGW,152581
159165,44.11,11.719,12192.0,LIRF,EHAM,157882
159629,43.568,-6.275,10355.0,GMMX,EGKK,151907
160366,51.988,7.199,11582.0,LHBP,EGCC,155690
160955,46.834,6.124,11574.0,LIMC,EGKK,159099
161430,43.65,-7.564,11582.0,LPPT,EGKK,157791
161607,52.377,38.936,10660.0,UUEE,URSS,158932
162125,48.781,-1.45,11582.0,LEBL,EGKK,157201
163169,50.43,-1.034,6484.0,LEBL,EGKK,157201
163678,46.952,5.977,11590.0,LIRF,EGLL,159976
164069,48.884,2.868,10980.0,LIRF,EGKK,158629
164094,45.764,11.096,9433.0,EHAM,LIRQ,160333
164582,44.679,-4.135,11277.0,EHAM,LPPT,160104
166326,50.484,-1.17,6416.0,LEVC,EGKK,159353
166810,46.724,-2.485,10203.0,LEMG,EGKK,160549
167455,50.891,2.936,9669.0,EGLL,OLBA,166132
167485,50.868,3.056,9806.0,EGLL,OLBA,166132
167536,48.487,12.886,10972.0,LBSF,EGSS,162703
169567,54.273,28.812,10668.0,EDDS,UUEE,163172
172087,55.723,33.88,10401.0,EHAM,UUEE,163858
173205,47.419,25.553,10988.0,LUKK,UUEE,171731
176376,55.78,33.478,10058.0,EVRA,UUEE,173639
176731,47.687,40.371,10363.0,LLBG,UUEE,166964
178009,55.758,36.256,5349.0,ESSA,UUEE,172790
178097,54.538,30.662,10668.0,LUKK,UUEE,171731
185731,55.014,37.768,9090.0,UUEE,URSS,184719
192582,41.299,-6.832,6027.0,LEMD,LPPR,189746
194569,48.605,17.56,11277.0,EDDH,LTAI,191144
194585,53.845,7.641,9144.0,ESSL,EHAM,191354
195385,45.514,4.687,7200.0,LSGG,LEMD,194460
197386,53.409,-6.24,609.0,EIDW,EBBR,197277
197473,52.599,4.547,571.0,EGPD,EHAM,194146
197739,57.804,14.779,11582.0,ESSA,EGKK,196019
198496,47.61,10.131,10980.0,LIPZ,EGKK,196711
198829,51.803,2.482,11269.0,EKCH,EGLL,195014
199104,41.264,2.069,381.0,LEBL,EGKK,199066
201185,52.536,-1.92,8001.0,EIDW,EGLL,199554
201750,53.124,-1.473,9806.0,EGLL,EGPF,200619
202233,36.81,30.655,1249.0,EDDH,LTAI,191144
202762,50.387,14.768,11590.0,LDZA,EKCH,200041
203354,55.642,31.359,10972.0,UUEE,EDDV,200554
203822,47.974,1.259,10363.0,LEBL,EHAM,199324
204125,57.081,14.924,12405.0,EKCH,ESSA,202992
204498,42.868,-2.377,11590.0,LPPT,LFSB,200452
204979,43.509,-1.654,11590.0,LPPT,LFSB,200452
205849,51.779,9.393,11277.0,EIDW,LZIB,201190
205960,46.273,5.027,7924.0,LFMN,LFPO,203688
206485,49.748,10.23,10477.0,EDDM,EGLL,205038
207192,38.961,-8.929,2674.0,LPPT,LFPO,206914
207830,47.344,7.755,4892.0,LSZH,EGLL,207348
207960,48.061,3.061,8221.0,EGLL,LSGG,205634
207965,53.939,8.324,11582.0,EKCH,EGKK,205986
208531,53.213,6.692,11582.0,EKCH,EGKK,205986
208632,41.372,2.419,10363.0,LPPT,UUEE,203771
208724,40.679,-3.331,10363.0,LEMG,LFPO,206138
208962,50.937,0.31,2263.0,EKCH,EGKK,204040
209292,54.737,37.727,10675.0,UUEE,LTAI,207925
210226,52.596,3.613,3520.0,EGAA,EHAM,207037
210666,45.187,24.002,11277.0,EDDT,LTAI,205292
211211,52.587,3.302,11879.0,EGLL,EKCH,209587
211581,49.977,21.181,9448.0,LDZA,UUEE,208546
211671,46.714,15.64,11277.0,EHAM,LBSF,207253
212042,43.103,6.456,9144.0,LEBL,EDDB,209540
213105,44.055,-2.78,7231.0,LEBB,EGKK,212534
213121,53.084,0.342,10934.0,EGCC,LZIB,211901
213509,56.054,-3.994,1729.0,EGLC,EGPF,210145
213736,44.413,-2.912,10972.0,LEMD,EGLL,211312
214071,46.613,6.462,9753.0,LIMC,EGLL,212345
215080,54.853,31.808,11277.0,LIMC,UUEE,205877
215153,41.041,-3.634,10972.0,LXGB,EGKK,211838
215460,54.157,29.488,8153.0,UMMS,UUEE,214844
215759,45.036,-0.306,10965.0,LEVC,EGKK,211862
216031,46.938,5.69,8511.0,LSGG,EGLL,215311
216285,50.349,9.532,10363.0,LSZH,EKCH,213853
216426,50.363,-1.185,7444.0,LEBB,EGKK,212534
216753,49.171,13.721,8229.0,LSZH,EPWA,214058
217111,42.637,-3.69,10972.0,LEMG,EGGP,212433
217641,50.389,5.336,9913.0,LSZH,EHAM,215304
218517,51.831,0.136,1158.0,EGSS,LEZL,217897
219275,51.466,19.193,7124.0,LSZH,EPWA,214058
219504,40.792,1.352,10972.0,LEVC,EDDK,218194
219752,50.393,-4.112,10668.0,LEMG,EGKK,211213
219897,51.384,0.16,3657.0,LSGG,EGLL,215694
220530,44.843,14.719,10965.0,LGTS,EGKK,216513
220777,41.443,-8.015,10972.0,LPPT,EGLL,218705
221224,51.167,-0.049,556.0,LXGB,EGKK,211838
221247,40.091,-4.365,10363.0,LEZL,EGKK,219367
221259,51.643,-0.001,2484.0,EDDH,EGLL,217084
221615,34.653,33.591,9319.0,LIRF,OLBA,212881
221670,51.507,-2.458,5791.0,EINN,EGLL,219390
222135,32.008,34.84,403.0,LLBG,LIRF,221828
222275,43.678,6.1,11582.0,LEVC,EDDK,218194
223015,53.292,26.635,10668.0,LIRF,UUEE,215031
223526,51.278,0.393,3771.0,EGKK,EKCH,223079
223660,59.103,23.892,5821.0,EETN,EGKK,223182
226072,48.653,2.893,1851.0,LFMN,LFPO,222575
226124,37.855,-5.807,3314.0,EGSS,LEZL,217897
226270,46.109,-2.64,10363.0,LEMD,EGLL,222647
226463,55.563,35.07,7757.0,LFMN,UUEE,215653
226485,50.103,8.775,1135.0,LIRF,EDDF,220673
226869,45.683,-0.458,10980.0,LEBL,EGGW,223828
227207,55.509,34.44,8679.0,EDDC,UUEE,220194
229745,50.983,-0.639,5791.0,LEBL,EGGW,223828
230298,37.591,26.63,10363.0,LLBG,EBBR,224889
230404,52.203,4.121,11483.0,EETN,EGKK,223182
230531,42.753,0.51,11887.0,EGMC,LEMI,225874
230744,53.39,-4.704,8107.0,EIDW,EGLL,229462
231388,51.465,-0.16,1120.0,LSGG,EGLL,225944
231405,50.468,0.043,7353.0,EGLL,LSGG,230609
231679,49.996,10.75,11590.0,LLBG,EHAM,218214
231830,45.943,20.016,8991.0,LYBE,ESSA,231072
232651,53.379,2.942,11285.0,EGLL,ESSA,231006
232715,45.776,9.224,6156.0,LIMC,UUEE,232195
233013,55.788,36.441,4762.0,EGLL,UUEE,221766
233030,51.827,2.834,11330.0,EKCH,EGLL,228587
233153,43.731,23.24,8145.0,LBSF,EKCH,232110
233380,53.697,6.743,12192.0,EFHK,EGKK,227187
233382,54.032,8.367,10058.0,LEMD,EKCH,224706
233515,53.976,6.915,11879.0,EGKK,EKCH,230768
233528,50.948,0.489,4754.0,LSZH,EGLL,229659
234719,46.41,16.032,7513.0,LDZA,EBBR,233774
235048,47.508,14.875,11277.0,LIMC,UUEE,232195
235971,38.913,-4.729,9692.0,EGKK,LEZL,229446
236701,54.079,11.649,9509.0,LSZH,EKCH,232372
237002,46.068,15.209,10668.0,LIRF,UUEE,234102
237602,59.594,23.943,7345.0,EFHK,EGLL,236833
237655,52.984,1.023,11871.0,EIDW,EHAM,235479
237921,51.159,-0.105,381.0,EGAA,EGKK,234178
238013,41.738,1.694,8473.0,LEBL,EGKK,237429
238639,59.679,18.104,434.0,LEBL,ESSA,226351
240497,43.415,-4.545,10972.0,LPPT,EDDB,237523
240526,50.957,4.219,2087.0,EBBR,EIDW,240141
240914,51.205,3.334,7002.0,EBBR,EIDW,240141
241229,39.875,-4.957,11269.0,LEBL,LPPT,238205
242595,53.47,6.747,8923.0,EHAM,EKCH,241572
242896,53.776,7.356,10972.0,EFHK,EGLL,236833
243144,54.015,3.045,11894.0,EGLL,ESSA,241425
243441,47.729,-3.655,11277.0,EGLL,LPPT,240720
243756,55.225,31.292,10058.0,EPWA,UUEE,240279
246508,41.124,4.059,10668.0,LIRF,LPPT,243176
246634,51.803,10.058,10972.0,EPWA,EBBR,242778
247559,48.462,7.372,8999.0,EDDS,EGKK,246628
247582,51.465,-0.318,533.0,EGAC,EGLL,243320
249281,48.684,9.19,784.0,EDDS,UUEE,249250
249607,51.975,14.085,4640.0,LLBG,EDDT,235545
250871,51.391,-0.344,2537.0,LPPT,EGLL,243679
251286,39.724,-1.529,9982.0,LEAL,EGKK,250114
251463,46.611,-1.349,11582.0,LEBL,EIDW,247944
251646,59.973,22.381,7856.0,EGKK,EFHK,244293
252510,52.426,4.623,11262.0,EGGP,LRCL,250099
252510,51.187,0.104,1188.0,LPPT,EGKK,245618
252827,42.479,-1.871,11887.0,EHAM,LPPT,247159
253087,47.46,19.2,441.0,LHBP,UUEE,252075
253446,46.272,-3.771,12192.0,LEMD,EIDW,250233
254271,51.589,-3.184,10972.0,LEBL,EGCC,248201
255658,38.762,32.136,10363.0,LTAI,UUEE,254273
261569,44.411,21.678,10652.0,EGLL,OLBA,252954
262934,34.305,34.827,3291.0,EPWA,OLBA,252069
280438,43.824,-2.826,6103.0,LEBB,EBBR,279904
281024,60.068,21.997,10363.0,EFHK,EIDW,279952
282715,45.03,9.056,10050.0,UUEE,LEMD,272201
282915,52.66,-2.291,10279.0,EGPH,EGKK,280173
283608,50.092,9.052,9761.0,EDDM,EBBR,280987
284745,52.152,12.989,11574.0,EFHK,EDDF,279151
285392,39.88,-7.753,8862.0,LPPT,LFSB,284504
285517,45.776,39.392,10668.0,UUEE,URSS,280017
286069,53.219,4.767,11879.0,EGLL,EKCH,284124
286110,49.852,1.908,11193.0,LIRF,EGKK,280204
286406,50.152,2.896,11277.0,EIDW,LIRA,282820
286644,37.518,27.892,10363.0,OLBA,EGLL,282167
287042,40.924,-0.581,9525.0,UUEE,LEMD,272201
287505,48.929,-2.494,11277.0,EGGD,LEBL,285809
288492,43.598,-4.434,10972.0,LPPT,EGLL,285243
288501,51.852,-1.318,4846.0,EIDW,EGKK,286080
288532,50.098,8.752,1082.0,UUEE,EDDF,278518
289155,44.745,10.139,11277.0,EGCC,LIRA,282949
289452,51.478,-0.157,1143.0,EDDS,EGLL,284923
291372,52.224,1.656,9966.0,EGBB,LRCL,289879
291483,52.171,20.966,38.0,EPWA,EKCH,291113
291505,51.292,0.168,4671.0,EGKK,EGAA,291061
293319,51.61,0.331,3162.0,EPWA,EGLL,284299
293631,37.417,-5.975,220.0,LPPT,LEZL,287880
293642,38.52,-9.409,2110.0,EGLL,LPPT,285437
294506,53.613,11.38,10972.0,EDDS,EKCH,291649
294628,54.682,-6.123,525.0,EGKK,EGAA,291061
294713,42.123,1.51,8717.0,LEBL,EIDW,293933
294802,53.235,-5.798,1798.0,EGKK,EIDW,291851
295831,55.914,2.993,11887.0,EGPH,EKCH,293555
296179,46.259,-0.833,12192.0,LEBL,EGKK,293244
296458,41.587,12.323,5905.0,LIRF,UUEE,295961
296658,56.005,36.97,3390.0,EPWA,UUEE,290366
296851,46.121,-3.729,10668.0,EGKK,LEZL,293401
297042,51.746,-0.736,2743.0,EGCC,EGLL,294459
297210,48.572,17.505,10363.0,LPPT,UUEE,286287
297244,40.543,-2.052,7360.0,LEBL,LEMD,294990
297507,50.135,9.325,1836.0,LFMN,EDDF,293554
297608,51.7,-0.475,2743.0,EIDW,EGLL,294872
298165,44.464,8.876,11582.0,LIRA,EIDW,295623
299959,44.078,1.479,10668.0,LFSB,LPPT,296599
300561,41.444,-3.114,7711.0,LEMD,LFSB,298838
301271,42.351,37.454,10050.0,LLBG,UUEE,295365
301614,45.613,-2.005,11277.0,EHEH,LEZL,296930
301799,47.858,13.11,10500.0,LPPT,LOWW,293635
302495,50.298,1.714,11269.0,LSZH,EGLL,299183
303243,47.844,0.923,10363.0,LEMD,EBBR,299088
303272,45.4,-0.396,11574.0,LEBL,EGKK,300621
303533,53.108,11.222,11285.0,LSZH,EKCH,300322
303654,45.52,9.94,10668.0,LOWW,LEMD,300690
303898,42.249,20.976,10972.0,LGTS,EGKK,302119
303900,53.713,-5.759,2926.0,EGPH,EIDW,301257
303972,53.455,-5.475,7825.0,EIDW,EGSS,303381
304476,43.802,-3.893,11597.0,LEMD,EGKK,302128
304499,49.925,2.076,10972.0,LIRF,EGLL,298542
304533,55.58,-3.071,3970.0,EGLL,EGPH,301346
304754,40.685,23.654,12192.0,OLBA,LFPO,297539
305269,60.361,25.011,388.0,EGKK,EFHK,297147
306229,54.226,-4.721,6179.0,EGKK,EGAA,303518
306385,38.06,28.043,11277.0,EGCC,LTAI,293223
306887,51.707,1.337,6416.0,EDDH,EGLL,303359
307109,51.223,8.223,10972.0,EDDB,LPPT,304905
307261,47.109,9.056,11582.0,LBSF,EGKK,301543
307288,55.513,12.637,2346.0,EKCH,ESSA,306750
307481,44.835,8.724,10660.0,UUEE,LEBL,296973
307482,50.616,21.044,11277.0,LEVC,UUEE,297820
308145,43.697,-5.644,11887.0,EDDH,LPPT,300031
308361,44.724,-3.641,11574.0,LPPT,ESSA,304701
309413,47.053,1.144,8915.0,LEBL,LFPO,306259
310136,51.841,3.071,10980.0,EFHK,EGLL,301050
310192,42.248,-2.996,10370.0,LEMD,EGLL,308795
310464,52.872,25.43,10058.0,LFMN,UUEE,302026
311082,55.255,31.585,10668.0,EDDB,UUEE,304987
312836,52.336,-0.654,6088.0,EGGW,EGAA,312324
313505,40.38,27.856,11887.0,EDDH,LTAI,304092
313544,52.28,6.64,7399.0,LIRF,EHAM,307595
314281,39.994,-5.612,9448.0,LEMD,LPPT,312739
315076,41.543,-3.39,8488.0,LEMD,EBBR,313949
316477,59.797,17.405,2758.0,EGLL,ESSA,310112
316546,52.867,5.542,8092.0,EHAM,EKCH,315891
317950,53.875,12.27,11590.0,EFHK,EBBR,312476
318876,44.487,8.617,10972.0,LEBL,EDDB,315784
319033,51.094,-0.495,2019.0,EGKK,LPPT,318741
319811,51.737,1.455,5966.0,EKCH,EGLL,314632
320013,51.628,7.587,9730.0,EFHK,EBBR,312476
320488,46.693,0.432,11567.0,LPPT,EBBR,315147
320561,52.188,4.385,3352.0,EHAM,LPPT,320136
320631,51.015,4.439,2827.0,LEMD,EBBR,313949
320955,55.819,13.936,5120.0,EFHK,EKCH,316299
321256,55.582,12.589,624.0,EKCH,LSGG,320458
321840,58.034,15.209,11590.0,ESSA,EKCH,320095
322247,38.159,24.021,10675.0,LGTS,LGIR,320729
322758,50.988,0.043,1744.0,LEMD,EGKK,316423
323191,50.372,8.567,10363.0,LBSF,EBBR,316339
324700,43.705,7.738,10972.0,LIRF,EGKK,322481
325065,48.299,0.373,10972.0,LPPT,EBBR,319214
325141,48.992,-1.41,11582.0,LEBL,EGKK,320575
325400,54.347,37.254,9982.0,URSS,UUEE,319252
325680,49.621,6.198,434.0,ELLX,EIDW,325614
326367,44.287,6.464,9753.0,LEBL,LFSB,323557
326590,49.168,11.667,10980.0,OLBA,EGLL,314281
326691,55.626,12.653,0.0,EKCH,ESSA,326691
326751,60.331,24.948,91.0,EFHK,EKCH,326741
326831,38.821,-8.302,4640.0,LEVC,LPPT,320755
327171,49.228,3.359,11590.0,LIPZ,EGKK,323142
327829,56.497,13.872,9105.0,EKCH,ESSA,326691
327959,55.76,12.868,11582.0,EFHK,EGLL,323100
328003,49.918,40.378,10972.0,URSS,UUEE,324394
329540,52.456,15.989,10972.0,EPWA,EGLL,327850
329660,53.814,-3.194,8229.0,EGLL,KEWR,325056
330001,51.506,3.125,9570.0,LRCL,EGGW,322491
330411,46.784,9.358,11582.0,LIPZ,EGKK,328834
331060,46.597,-1.573,11574.0,LPPT,EHAM,326135
331691,48.401,6.12,10370.0,LEBL,EGLL,327368
332734,47.539,1.88,10668.0,EBBR,LEBB,330524
332844,50.799,4.606,10363.0,LEBL,EGLL,327368
333295,50.404,2.694,9768.0,LPPT,EHAM,326135
334091,53.337,-6.455,3688.0,EIDW,EGLL,333050
335179,55.496,8.141,10972.0,EKCH,EIDW,333389
335584,56.554,21.343,11277.0,EHAM,UUEE,330535
336940,51.702,-1.985,9403.0,EGKK,EIDW,336005
344040,49.035,18.342,11262.0,EGGW,LRCL,337825
344599,51.706,39.474,10050.0,UUWW,URKK,341999
361127,55.407,31.772,10363.0,UUEE,LEMD,358474
363444,33.64,34.441,8862.0,LLBG,EDDB,361401
365639,59.05,22.171,11567.0,EFHK,EKCH,364391
366990,46.755,11.49,9677.0,LIPZ,EBBR,365980
367964,41.125,1.882,2887.0,LEBL,LEZL,367743
368904,57.413,36.358,11666.0,EFHK,UUEE,365129
372099,44.572,2.443,10668.0,UUEE,LEMD,358474
372132,40.935,-0.389,10050.0,LIRF,LEMD,366567
372415,51.653,-0.888,2948.0,EGGW,LEVC,371979
372446,40.521,0.963,8458.0,LSZH,LEVC,367424
372866,53.113,9.597,6012.0,EDDH,EDDS,372377
373487,54.711,29.434,10965.0,UUEE,LBSF,370256
373805,51.736,-5.507,9448.0,EICK,EGLL,372632
373943,47.452,8.555,0.0,LSZH,LOWW,373943
374008,50.137,14.674,7315.0,LDZA,EKCH,370934
374295,43.777,0.621,10668.0,EGKK,LEMI,370515
375632,51.864,-0.412,815.0,EGGW,LRCL,375585
375790,41.265,-2.14,7665.0,LEMD,EBBR,374450
377086,47.841,-1.147,10355.0,LEBL,EGLL,372839
377560,54.479,-5.917,3573.0,EGAA,EGGW,377277
377587,55.598,12.612,205.0,EKCH,EGKK,377574
377709,56.388,30.544,10972.0,UUEE,EKCH,375439
378548,52.718,23.447,10660.0,EPWA,UUEE,377476
378902,45.55,7.897,7475.0,LIRF,LSGG,376014
378963,53.299,-2.046,10363.0,EGKK,EGAA,376594
379744,51.175,0.006,929.0,LEMD,EGKK,372221
380966,53.237,12.198,11582.0,LEMG,EKCH,370220
381133,47.262,1.035,8534.0,LEBL,LFPO,377481
382104,47.929,2.639,11887.0,EDDF,LEBL,379144
382165,47.714,6.61,10233.0,LSZH,EGLL,380544
382292,51.171,0.927,3352.0,EKCH,EGKK,377574
382386,50.178,-2.051,9227.0,EGLL,LPPT,380386
382712,46.822,17.901,10370.0,LOWW,LBSF,381320
383076,59.975,23.484,8671.0,EFHK,EKCH,382465
383734,41.384,1.772,5608.0,LEBL,EGGW,383060
383775,52.503,4.201,2209.0,EGAA,EHAM,380258
384772,34.113,32.683,10668.0,UMMS,LLBG,374007
385079,40.501,-3.308,2819.0,LEMD,UUEE,384643
386062,48.66,13.23,10972.0,LBSF,EGGW,381234
386817,41.04,-7.688,11140.0,EGLL,LPPT,380386
387059,52.946,1.213,10660.0,EGCC,EBBR,385283
387076,38.902,-8.788,5753.0,LPPT,LFPO,386569
387318,52.837,2.152,10668.0,EGCC,EBBR,385283
387524,53.959,3.826,10675.0,EFHK,EGLL,380152
387697,44.174,-1.029,9753.0,LEBB,EBBR,386505
388044,48.804,17.565,10561.0,LHBP,EDDF,386514
388486,54.01,29.146,10058.0,LPPT,UUEE,372244
388989,52.646,4.034,6256.0,EHAM,EGAA,388453
389186,39.26,-3.516,10355.0,LEAM,EGKK,387242
389782,51.623,-0.16,2438.0,EFHK,EGLL,380152
389799,50.945,39.715,10058.0,UUEE,URKK,386310
390179,51.55,-2.374,8229.0,EIDW,LSGG,388340
390912,51.308,-0.658,2743.0,EICK,EGLL,388054
391129,51.743,-0.643,3147.0,EGPF,EGLL,388465
391177,50.3,1.458,8526.0,LSGG,EGLL,388083
392971,42.921,-4.871,11582.0,LPPT,ESSA,389606
393201,55.492,25.348,10058.0,EHAM,UUEE,386812
393402,43.95,23.204,9311.0,LBSF,EKCH,392315
394644,53.937,15.162,10363.0,UUEE,EGLL,387054
394724,37.418,-5.816,220.0,EGKK,LEZL,385523
395098,50.732,-1.262,5265.0,LPPT,EGLL,387090
395444,55.45,33.744,10668.0,EDDC,UUEE,389107
395870,48.561,2.127,3352.0,GMMN,LFPO,386770
396324,49.469,9.433,6880.0,EDDF,LRCL,395110
397086,56.116,37.66,1432.0,EDDC,UUEE,389107
397179,47.247,10.871,10980.0,LIRF,EGLL,394163
397598,58.219,15.37,10957.0,ESSA,EBBR,396269
397976,40.295,-3.36,11582.0,GMMN,EHAM,392942
398104,47.347,7.896,5356.0,LSZH,EGLL,397550
398591,37.427,-5.922,373.0,LEZL,LPPT,398551
399080,39.048,32.252,10363.0,LTAI,UUEE,397646
399138,54.558,-3.401,7620.0,EGPH,EGHI,397635
399297,41.108,-3.046,4099.0,EVRA,LEMD,385815
399702,53.148,7.097,11513.0,EKCH,EBBR,397415
399865,55.548,5.847,11269.0,EGLL,ESSA,396532
401197,45.053,8.589,10988.0,LIRF,LFPO,398753
402570,51.755,3.223,9159.0,EVRA,EGKK,395245
403045,36.958,-4.651,3870.0,LEMG,ESSA,402719
404285,46.553,6.506,10980.0,LSZH,GMMN,403024
404847,32.859,32.742,10111.0,LLBG,EDDB,403294
405652,54.297,4.126,10972.0,EFHK,EGLL,398559
405885,42.906,-4.02,11277.0,EGKK,LEMD,401517
406851,56.214,36.787,3558.0,EFHK,UUEE,401825
407699,52.986,19.782,10629.0,EPWA,EKCH,406834
408114,51.163,-0.077,739.0,LFMN,EGKK,402453
408185,55.802,12.577,1653.0,EHAM,EKCH,404902
408193,50.28,6.192,10972.0,LDZA,EGLL,403718
408280,55.264,-3.954,9037.0,EGPH,EGLL,407251
408310,46.111,16.25,4312.0,LDZA,EBBR,407949
408396,41.737,23.29,12192.0,LLBG,EGLL,401211
408739,46.264,7.044,10264.0,LIMC,EGKK,407673
409416,43.991,7.96,11582.0,LEMG,ESSA,402719
409721,44.679,28.47,10972.0,LLBG,ESSA,402144
410173,45.529,-0.506,11582.0,LEBL,EGKK,406874
410850,53.537,5.619,11879.0,EGKK,EKCH,408497
410860,51.581,-0.153,2011.0,EGAC,EGLL,407839
411216,40.904,-2.715,6827.0,LEMD,LEBL,410440
411578,58.389,13.185,11887.0,EGKK,ESSA,406224
411890,56.312,19.2,9753.0,UUEE,EHAM,405875
412500,51.007,0.109,2354.0,LIMC,EGKK,407673
412887,39.279,-8.419,7132.0,LPPT,EKCH,409600
412954,51.208,1.111,4267.0,EDDB,EGKK,408629
413017,43.142,-4.783,11582.0,LPPT,EBBR,409169
413565,39.733,-7.849,11582.0,LEMG,EGGW,410912
416594,59.161,15.193,10172.0,EGLL,ESSA,410711
416619,42.079,-1.021,10668.0,LSGG,LEMD,412744
417291,55.259,30.812,9753.0,UUEE,LUKK,414360
417378,48.093,10.6,6431.0,EGLL,EDDF,415581
417404,53.41,38.494,10668.0,UUEE,URKK,415325
417888,56.174,30.136,10066.0,EGLL,UUEE,408796
418117,55.794,12.611,1577.0,EGLL,EKCH,413441
418394,50.911,13.298,9875.0,LFMN,EDDB,413852
418912,38.127,-7.691,4876.0,LEMG,LPPT,415801
419490,51.574,-0.144,2278.0,UUEE,EGLL,405472
420013,52.083,1.317,3878.0,LRTR,EGGW,412269
420668,44.089,-1.418,10988.0,LEMD,EBBR,418074
421332,47.979,10.944,12192.0,LIRF,EHAM,418122
422682,59.722,17.509,1874.0,EHAM,ESSA,417129
427499,43.197,0.201,11277.0,EKCH,LEMD,419177
427808,51.981,1.208,8084.0,EGLL,UUEE,426917
428982,47.672,3.987,11590.0,LIRF,EGKK,423815
429863,41.684,35.655,10058.0,LTAI,UUEE,426783
433091,49.93,22.65,10668.0,LUKK,UUEE,428696
451381,52.313,28.74,10058.0,UMMS,LUKK,450215
453886,34.417,29.819,10363.0,LLBG,LPPT,444627
453910,39.786,-0.318,5113.0,LEVC,EGCC,453506
455055,41.056,-3.255,6591.0,LEMD,EKCH,454532
457374,48.922,4.608,11582.0,LSZH,EGLL,454195
457430,46.228,5.878,4381.0,LSGG,EGLL,456929
457506,52.297,-1.589,11277.0,EIDW,EBBR,455871
457663,52.895,-2.102,9349.0,EGPD,EGLL,455155
458164,42.514,-6.625,11277.0,EDDF,LPPT,450344
459039,53.79,27.834,2811.0,UMMS,EHAM,458776
460393,47.386,-0.946,10355.0,LEBL,EGKK,455590
460570,49.63,6.223,701.0,ELLX,EDDB,460318
461646,49.595,9.398,11582.0,LEBL,EKCH,456009
461686,49.755,1.045,8846.0,EGLL,LFSB,460604
461872,53.842,3.722,12192.0,EFHK,EGLL,455357
463837,45.017,-0.17,12192.0,LEBL,EGKK,460852
463887,45.377,7.756,10972.0,LIRF,EGLL,460736
464002,43.268,7.681,10988.0,LMML,EGLL,458137
464358,50.055,10.406,11277.0,EGBB,LOWW,460265
464462,45.212,-2.765,10355.0,LEMD,EGLL,461499
466135,52.506,5.666,2933.0,UMMS,EHAM,458776
466477,54.739,12.132,5966.0,LEBL,EKCH,457771
467030,51.928,3.553,9517.0,EKCH,EGKK,463670
468837,52.607,3.733,11277.0,EIDW,LZIB,465549
469520,45.067,-0.81,12192.0,LEMG,EBBR,464394
469586,47.971,16.632,1927.0,LOWW,LBSF,464093
469604,59.846,22.724,10668.0,EFHK,EKCH,468791
470340,50.275,1.64,11567.0,LSZH,EGLL,466453
471247,56.56,25.508,8740.0,EVRA,UUEE,470407
471628,50.083,1.657,10363.0,LSGG,EGKK,468121
473790,55.697,7.03,10972.0,EFHK,EGLL,468342
474735,46.483,6.27,2316.0,EGKK,LSGG,471333
475385,52.176,20.968,289.0,EPWA,UUEE,475164
476316,55.814,15.518,10530.0,EKCH,UUEE,474897
476486,40.004,-1.75,5775.0,LEVC,LPPT,474624
477298,59.793,20.909,10736.0,EFHK,EGLL,476018
478393,51.815,13.141,10104.0,EDDH,LTAI,476663
478685,47.771,-2.186,10972.0,LEMG,EGKK,472093
479323,48.312,20.121,10668.0,LIRF,UUEE,474682
480497,46.679,40.142,10363.0,LLBG,UUEE,472363
480985,59.872,24.271,5928.0,EFHK,EBBR,480489
481167,41.955,-3.161,10972.0,LEZL,EGKK,478383
481527,47.402,11.408,11582.0,LFMN,EKCH,478833
481782,51.189,1.43,8420.0,EIDW,EBBR,479277
482302,56.572,35.072,8839.0,EVRA,UUEE,478551
483338,54.472,9.499,11582.0,EKCH,EGLL,482071
485600,48.73,-2.748,10972.0,LPPT,EGKK,478852
486367,49.239,3.87,11285.0,EDDB,LEZL,482455
487532,51.378,6.957,7764.0,EFHK,EBBR,480489
488023,34.906,26.678,12184.0,LLBG,LEMD,483941
489054,50.996,-0.988,3970.0,LEVC,EGLL,481811
489405,42.142,-7.728,10972.0,LPPT,EGLL,486421
490029,58.666,15.705,11574.0,EFHK,EGLL,487127
491137,58.099,16.642,11612.0,EKCH,ESSA,489253
491375,46.506,0.263,10980.0,LEMD,EBBR,487586
491725,48.464,3.496,11582.0,LSGG,EGKK,489289
492667,52.703,-1.118,10972.0,EGKK,EGAA,491339
493218,51.465,-0.251,944.0,LSGG,EGLL,487725
494152,51.588,1.735,5516.0,EFHK,EGKK,485869
494172,54.417,-5.792,5349.0,EGAA,EGKK,493796
494878,36.724,34.44,10355.0,LLBG,UUEE,491724
495038,56.428,20.513,10972.0,UUEE,EGLL,489530
495778,47.751,0.815,10972.0,LEMD,EHAM,491400
495880,45.934,18.909,11582.0,LBSF,EGLL,492975
495964,51.682,0.645,3840.0,EFHK,EGLL,487127
496102,43.658,1.278,11582.0,LEVC,EHAM,493249
496774,42.907,9.815,11582.0,LIRF,EGKK,495293
497329,56.707,25.769,9753.0,UUEE,EGLL,492637
498085,47.242,-1.534,11582.0,LEMG,EGMC,491912
498490,49.898,-2.292,11277.0,EGSS,LPPT,496487
499210,52.293,12.049,10980.0,EPWA,EGLL,496229
499487,40.664,-2.772,4099.0,LSGG,LEMD,494779
499914,53.056,26.317,10058.0,LEBL,UUEE,489242
499992,39.931,-1.504,8953.0,LLBG,LEMD,483941
500618,37.756,28.927,9784.0,LTAF,LTAI,499676
501350,48.928,8.718,5196.0,EDDS,EGLL,500968
501665,40.487,-3.578,556.0,LLBG,LEMD,483941
501892,44.873,38.858,10668.0,UUEE,LTAI,492972
501902,52.886,16.265,11582.0,LHBP,EKCH,498969
502864,35.523,-7.889,10355.0,GMMN,LPPT,501609
503189,51.626,0.771,4503.0,EPWA,EGLL,496229
504030,53.939,-3.721,11399.0,EGKK,EGAA,501272
505169,46.737,27.494,10972.0,UUEE,LBSF,498830
505348,40.522,-2.388,8526.0,LEMG,LSGG,503076
506346,41.312,1.927,10980.0,LEMD,LBSF,504146
506809,49.356,1.454,8229.0,EGLL,LSGG,505467
507098,51.731,-0.204,3314.0,EGLL,EKCH,506623
507300,50.417,3.234,6697.0,LEMD,EBBR,501200
507301,49.819,22.214,9761.0,UUEE,LUKK,500971
507302,50.637,9.818,11887.0,LPPT,EDDB,498270
507326,52.448,3.142,11269.0,EGKK,EKCH,506003
509096,52.356,13.437,487.0,LPPT,EDDB,498270
509133,54.685,8.882,11269.0,EGKK,EKCH,506003
510323,37.443,-5.174,2240.0,LEBL,LEZL,506273
510588,46.137,1.229,11277.0,UUEE,LPPT,495589
512622,43.401,19.464,10668.0,LEMD,LBSF,504146
512742,46.897,22.633,10668.0,EPWA,OLBA,509366
515373,45.954,14.537,11887.0,EGLL,LLBG,510693
515792,44.734,14.093,10363.0,LIRF,UUEE,513812
517176,56.238,29.506,10660.0,EHAM,UUEE,509743
518248,43.109,38.059,10668.0,LTAI,UUEE,514208
520029,56.551,22.135,10668.0,EIDW,UUEE,511977
520303,55.561,35.057,7741.0,LFMN,UUEE,509795
523516,53.728,39.174,10972.0,LTAI,UUEE,514208
524338,54.291,38.869,10972.0,OLBA,UUEE,513691
524595,52.372,39.862,10972.0,URKK,UUEE,520630
527671,55.99,37.544,541.0,LEBL,UUEE,513221
528927,47.741,40.373,10363.0,URKK,UUEE,527388
532920,51.819,37.138,10058.0,UUOB,UUEE,532096
540155,41.054,5.036,11879.0,LIRF,LPPT,536797
540443,38.763,-5.308,9532.0,LEZL,EDDB,539547
541908,41.176,1.149,11879.0,LIRF,LPPT,536797
542096,45.032,1.097,11582.0,LEBL,EBBR,539449
543492,53.133,-6.098,3688.0,EIDW,EGGD,543067
543801,51.933,-1.581,4975.0,EIDW,EGKK,541980
544864,55.918,-3.461,1143.0,EGPH,EGLL,544505
545419,35.608,30.561,9745.0,OLBA,EGLL,542579
546861,52.568,-1.823,7962.0,EGPH,EGLL,544505
547381,55.561,10.584,12496.0,EHAM,ESSA,544579
548337,50.982,-0.173,2827.0,LEMD,EGKK,542390
548880,39.479,-0.849,10363.0,LPPT,UUEE,545571
549583,51.646,-0.52,3040.0,EINN,EGLL,546316
549722,39.233,-9.196,3345.0,EFHK,LPPT,532748
551221,51.74,1.499,7178.0,LLBG,EGLL,535459
551523,50.39,5.86,6118.0,LIRF,EBBR,545195
551890,48.193,12.511,10675.0,EGGW,LBSF,548055
552671,51.198,0.977,6347.0,EGKK,EDDB,552098
553960,58.505,12.928,11887.0,EKCH,ESPC,552286
554022,51.478,-0.289,777.0,EGAC,EGLL,550194
554660,57.997,18.08,10363.0,EFHK,EKCH,552180
554706,51.697,0.86,4274.0,EHAM,EGLL,552412
555378,42.196,12.901,11590.0,LIRN,LFSB,553485
555799,51.645,0.08,2567.0,EHAM,EGLL,552412
555932,51.676,12.694,6880.0,EGKK,EDDB,552098
557324,51.776,3.011,10363.0,EKCH,EGLL,553400
558104,46.39,14.236,11285.0,EGCC,LTAI,552186
559282,50.472,7.065,11590.0,LYBE,EGLL,552748
559746,55.311,6.086,11353.0,EFHK,EGLL,553486
560473,47.486,8.352,2651.0,LSZH,EHAM,560175
560844,56.795,23.548,4084.0,EVRA,EKCH,560221
560859,46.089,9.006,12207.0,LFMN,EHAM,559194
561529,49.334,2.41,11582.0,LIRF,EGKK,554936
563161,56.172,17.851,7315.0,EVRA,EKCH,560221
563177,56.633,8.626,11277.0,LEMD,ESSA,554787
563229,50.216,2.157,10972.0,LSGG,EGNM,560006
563457,40.842,-0.017,10683.0,EGKK,LEMI,557622
564288,38.214,-8.566,11277.0,EGBB,GCRR,555230
564574,50.709,1.013,7528.0,LSZH,EGLL,559819
564808,44.912,0.79,11277.0,EGCC,LEMI,558670
564925,55.777,13.298,3337.0,EVRA,EKCH,560221
565778,48.072,40.385,10363.0,URSS,UUEE,562898
566004,52.306,4.776,0.0,LFMN,EHAM,559194
566249,51.334,-0.006,2438.0,LFMN,EGLL,559480
566314,44.463,-2.588,11582.0,LEMG,EGGW,562293
566557,35.765,31.455,11597.0,OLBA,EKCH,564109
566656,54.505,25.441,10668.0,EDDC,UUEE,562578
566916,47.411,16.024,10988.0,LBSF,EGLL,562703
567750,51.646,2.203,8282.0,LHBP,EGKK,560480
568074,51.286,-1.1,7696.0,EGGD,LSGG,566850
568507,41.258,2.064,601.0,LEBL,EGLL,568199
568828,59.337,20.715,11475.0,EFHK,EKCH,567407
568842,59.323,20.671,11513.0,EFHK,EKCH,567407
569007,49.465,10.688,11582.0,LBSF,EGLL,562289
569106,42.939,6.19,9761.0,LEBL,UUEE,567092
569916,55.552,37.829,4648.0,URSS,UUEE,562898
570796,46.713,5.1,7231.0,EGGD,LSGG,566850
571169,51.372,0.006,2743.0,LSGG,EGLL,565883
571220,51.63,0.314,3360.0,EPWA,EGLL,562250
571824,55.76,36.27,5722.0,EDDB,UUEE,564464
573409,46.398,-0.559,10988.0,LEMI,EGKK,568514
573537,50.469,5.495,11574.0,LDZA,EGLL,568422
574094,52.376,12.404,11582.0,EPWA,EGLL,570951
575763,46.441,0.202,10972.0,LEMD,EBBR,572414
576493,43.915,25.063,10972.0,LTAI,EGCC,571654
576884,51.649,-0.15,2522.0,LDZA,EGLL,568422
577558,54.875,10.262,9753.0,EFHK,LEMD,572377
577639,55.715,12.521,1691.0,LEMD,EKCH,568640
577950,46.7,5.696,7353.0,LSGG,EGLL,576928
578822,49.445,2.957,10370.0,LSZH,EGLL,576079
580274,44.811,9.892,6362.0,LIML,LIEE,578842
580365,51.831,0.992,4838.0,EGSS,LBSF,579937
580373,52.898,6.75,11887.0,LEMG,EKCH,571856
581856,43.774,-1.882,10363.0,LEMG,EHAM,578396
582064,39.634,-3.286,4572.0,LEVC,LPPT,579842
582264,53.59,38.547,10058.0,UUEE,LTAI,580411
582657,53.321,-2.384,1310.0,EGCC,LPPT,582376
583898,56.5,21.585,10355.0,UUEE,EHAM,578944
584043,45.842,-2.095,12192.0,LEMG,EGMC,579360
584261,47.77,5.96,11574.0,LIRQ,EGKK,580926
586230,57.996,27.009,9753.0,UUEE,ESSA,582022
586478,47.045,-4.663,11277.0,EGCC,LPPT,582376
586903,38.637,-7.451,10972.0,GMMX,EGLL,583342
587517,49.992,7.729,8763.0,EDDF,EGLL,586869
587535,51.312,-0.13,2819.0,LSGG,EGLL,583340
587961,47.728,40.373,10378.0,LLBG,UUEE,579563
588051,42.789,23.097,3581.0,EGSS,LBSF,579937
588450,46.914,-3.384,11871.0,EGKK,LEMD,585340
588485,43.465,-3.115,10363.0,LEMD,EGLL,586178
588661,55.971,37.267,419.0,LIRF,UUEE,577254
589071,40.522,-3.559,548.0,LSGG,LEMD,582566
590045,52.304,13.203,12192.0,EPWA,EGLL,587091
591010,55.533,34.743,7642.0,EGLL,UUEE,581174
591836,49.456,2.567,8526.0,LSGG,EGLL,589352
591921,50.943,-1.092,4709.0,LEMD,EGLL,586178
595731,45.782,7.362,10988.0,LIRF,EGLL,592470
597499,43.675,0.153,11277.0,UUEE,LPPT,582479
597871,53.628,12.35,11887.0,EGLL,UUEE,592985
598017,50.508,14.174,10652.0,EDDS,UUEE,596104
599387,50.592,1.194,9235.0,LIRF,EGLL,592470
599616,52.113,19.417,10668.0,EDDS,UUEE,596104
603041,40.798,34.914,10972.0,LTAI,UUEE,600209
603839,47.622,18.438,10972.0,LIRF,UUEE,600014
604841,43.591,38.513,10668.0,LTAI,UUEE,600209
611927,55.971,37.262,449.0,LIRF,UUEE,600014
614889,41.822,0.82,10972.0,FACT,EGLL,589303
624206,34.507,32.906,11346.0,OLBA,GMMN,622826
625907,43.275,-2.842,784.0,LEBB,LPPT,625747
629117,45.25,6.126,10965.0,LIRF,EGKK,625765
629739,53.498,6.941,10668.0,EHAM,EKCH,628324
629836,57.222,14.317,12192.0,EFHK,EGLL,626594
630664,53.877,16.946,11582.0,UUEE,EDDB,622648
630882,41.078,2.454,6964.0,LEBL,EKCH,630374
631585,49.548,11.783,11292.0,EGLL,LOWW,627200
631685,45.561,-2.69,11582.0,LPPT,EHAM,627033
631922,49.325,10.674,11582.0,EPWA,LSGG,627407
631964,49.261,13.097,10668.0,EGLL,LOWW,627200
632919,41.191,1.501,10675.0,LLBG,LPPT,617267
633515,34.124,-7.161,6629.0,GMMN,LFPO,632932
633999,46.938,6.956,5516.0,EPWA,LSGG,627407
634036,49.491,-2.558,10675.0,EGKK,LPFR,632322
634287,56.327,7.999,11574.0,ESSA,EGLL,630948
634854,56.178,12.816,11582.0,EFHK,EBBR,630705
634913,45.156,27.394,11902.0,EFHK,LTAI,627157
636076,48.872,3.097,11567.0,LSGG,EGLL,633914
636255,43.818,3.827,11757.0,EFHK,LEBL,624791
636356,51.478,-0.256,861.0,EFHK,EGLL,626594
638401,52.052,0.903,7193.0,EGLL,EKCH,637554
638584,41.641,-3.148,11582.0,LEMG,EGKK,636057
638669,42.192,13.46,8633.0,LIRF,UUEE,637763
638956,52.284,2.341,10066.0,EGKK,EDDB,637660
639037,51.516,0.022,1828.0,ESSA,EGLL,630948
639237,50.269,2.65,9745.0,LEMD,EHAM,633945
639258,45.635,19.825,9540.0,LYBE,EGLL,637901
639682,49.692,7.657,11277.0,EGLL,LBSF,637043
641060,52.218,4.452,10988.0,EDDH,EGLL,638150
641313,51.121,13.712,792.0,EDDC,EHAM,641152
642021,47.9,19.171,11269.0,LIRF,UUEE,637763
642381,43.88,1.302,10965.0,LEBL,LFPO,640838
642859,56.752,18.096,11582.0,EVRA,EGNM,640695
642895,40.854,9.543,10972.0,LIEE,LIPH,641885
642950,52.977,11.007,11186.0,EDDB,EGPF,641729
643581,46.607,7.129,10972.0,LEMD,LRCL,638929
645124,45.088,-2.504,11574.0,LEMG,EGCN,640936
646078,46.92,11.025,11582.0,LIPZ,EBBR,644747
647454,48.94,8.771,10355.0,LIPZ,EBBR,644747
647760,43.96,1.05,11277.0,LSZH,LEMG,643835
648564,38.963,-9.038,1226.0,LEMD,LPPT,645243
648569,36.578,-4.553,2948.0,LEMG,GMMN,648043
648963,43.684,-3.157,10370.0,LEMD,EGLL,646300
649152,53.514,-5.253,10668.0,EIKN,EGGW,647835
649428,35.975,-5.032,5554.0,LEMG,GMMN,648043
649723,50.42,3.602,6918.0,LEMG,EBLG,642760
649812,55.986,37.14,5600.0,UUEE,EDDB,649084
650029,37.677,28.825,11582.0,LTAI,LFSB,648796
650356,44.075,39.553,7018.0,URSS,UUEE,649722
651897,37.335,-3.56,6080.0,LSZH,LEMG,643835
652234,55.977,37.454,579.0,UUEE,URSS,650965
652700,39.754,-7.721,10203.0,LPPT,EHAM,651651
653317,54.022,-2.857,10675.0,EGPF,EGLL,651976
653322,54.33,38.245,10668.0,UUEE,URSS,650965
654314,40.575,-4.235,10058.0,LEBB,LEZL,652368
654669,47.237,21.16,11590.0,LBSF,EKCH,651561
654757,43.582,-7.646,11590.0,LPPT,EGLL,651485
654780,49.342,11.089,11574.0,LBSF,EGMC,648402
655438,53.885,28.821,10668.0,LIRF,UUEE,647338
655765,54.091,18.053,10363.0,UUEE,EDDB,649084
656647,46.886,4.735,11582.0,LIRF,EGLL,652289
656703,54.71,-6.017,1005.0,EGKK,EGAA,653273
656869,47.911,-3.708,11590.0,LPPT,EGLL,651485
656945,36.601,27.78,10965.0,LLBG,EGGW,652575
657589,49.771,19.305,11574.0,LLBG,EKCH,645375
658311,56.058,33.54,8442.0,LSGG,UUEE,648354
658656,59.81,18.068,1203.0,LGTS,ESSA,647954
659156,40.13,-3.737,5402.0,LEMD,LPPT,658671
659541,43.193,-3.151,10934.0,LXGB,EGLL,655676
659911,49.16,1.618,11277.0,EIDW,LIMC,656269
660564,51.568,-0.017,1965.0,UUEE,EGLL,646138
660755,42.681,-2.412,11582.0,LEMG,EHAM,657564
660905,41.676,22.293,11887.0,LSZH,LTBJ,655411
660937,47.844,7.904,3368.0,LTAI,LFSB,648796
660991,60.121,24.82,2522.0,EFHK,UUEE,660650
661096,42.326,21.134,10972.0,LLBG,EGGW,652575
661618,55.543,12.505,1325.0,EKCH,EGLL,661325
661944,43.469,6.021,10363.0,LEBL,LSGG,659940
662675,46.596,0.252,11582.0,LEMG,EHAM,657564
664556,52.837,5.371,10972.0,EKCH,EGLL,661325
664675,52.979,6.859,11277.0,LEMD,EKCH,658014
665919,53.304,-5.777,5897.0,EIDW,EGKK,665467
666347,50.659,1.112,8199.0,LSZH,EGLL,662104
666400,50.138,1.621,10203.0,LFSB,EGKK,663350
666669,41.142,2.765,6758.0,LEBL,LIRF,666065
668220,53.281,-1.477,9753.0,EGSS,EGPF,666956
669648,51.688,2.665,8107.0,EKCH,EGKK,665225
669652,55.127,5.58,11597.0,EFHK,LPPT,663512
669789,51.49,2.476,11231.0,LDZA,EGLL,663299
670252,53.425,-6.333,1013.0,EIDW,ESSA,669596
670325,46.843,10.034,12192.0,LLBG,EGLL,658014
670986,46.932,29.16,830.0,EGSS,LUKK,661183
671034,53.396,2.544,11887.0,EFHK,LPPT,663512
671723,47.562,-3.082,11285.0,EGKK,LEZL,668970
671844,51.446,10.914,7315.0,EDDB,LFSB,670525
672172,58.367,17.182,8671.0,EKCH,ESSA,669647
672564,51.465,-0.284,708.0,LIRF,EGLL,664897
672908,49.71,2.214,10363.0,LPPT,EBBR,666101
672971,54.217,29.41,7345.0,UMMS,UUEE,672064
674169,51.693,-0.434,2468.0,EGPF,EGLL,670682
674345,50.908,4.564,289.0,LPPT,EBBR,666101
674439,45.402,17.168,11285.0,EDDS,LTAI,671282
674504,53.189,-4.397,8991.0,EIDW,EGKK,673659
675145,52.245,17.643,11582.0,EPWA,EGLL,673459
675282,47.902,14.603,10363.0,UUEE,LIMC,665382
676097,50.496,0.818,11033.0,LSGG,EGGW,672578
676233,45.305,39.698,10972.0,URSS,UUEE,674995
678478,51.56,2.918,8145.0,LRCL,EGGW,669118
679457,43.252,-3.012,10347.0,LEMD,EGLL,678049
679487,46.19,5.109,11590.0,LFMN,EGGW,677706
679496,43.561,-2.045,12192.0,LEZL,EHAM,676284
679538,53.222,15.476,10058.0,EHAM,UUEE,676746
679672,43.74,-3.005,10370.0,LEMD,EGLL,678049
679772,51.155,6.283,4899.0,EPWA,EBBR,673419
680130,47.306,4.143,11590.0,LFMN,EGGW,677706
680177,46.606,-2.5,11590.0,LEMG,EGLL,675385
681046,44.461,8.857,10972.0,LIRF,EGLL,678939
681457,52.901,5.689,11597.0,EKCH,EGKK,678445
681929,48.589,4.876,11590.0,LSZH,EGKK,680102
682182,51.551,0.03,2194.0,EPWA,EGLL,673459
682841,49.162,-2.73,10668.0,EGLL,LPPT,680944
684281,59.819,18.151,1577.0,LIRF,ESSA,675251
684354,54.501,-5.322,3086.0,EGKK,EGAA,681423
684964,50.352,5.922,11582.0,LLBG,EGGW,669355
685081,41.27,1.712,2781.0,EGKK,LEBL,679075
