50
34334,52.986,-1.552,11567.0,EGKK,EGAA,32604
42555,51.636,-0.556,2743.0,EGCC,EGLL,40106
44398,41.779,11.934,2308.0,LIRF,EGKK,44165
44501,46.868,0.939,10363.0,LEBL,EHAM,41330
47774,33.203,-7.531,914.0,LEVC,GMMN,43183
53975,37.332,29.86,6537.0,EGCC,LTAI,40020
67119,49.453,40.458,10972.0,URKK,UUEE,64465
113297,45.687,10.273,11582.0,LEMG,ESSA,106411
119272,46.078,-2.661,10370.0,LEMD,EGLL,115775
124980,43.246,11.6,9464.0,LIRF,EHAM,123949
127148,46.595,17.727,11285.0,LIRF,UUEE,123831
133562,57.209,10.501,10972.0,EFHK,EGLL,128825
138878,53.616,12.778,11391.0,LIRF,EKCH,133074
155171,41.119,0.942,12496.0,LIRF,LEMD,150789
187821,56.069,38.015,4663.0,URKK,UUEE,181517
198855,49.828,7.714,11277.0,EGKK,LBSF,196046
204813,52.807,-1.096,10363.0,EGKK,EGAA,202739
208550,55.507,34.409,9090.0,EPWA,UUEE,204394
215364,52.989,0.793,10637.0,EIDW,EHAM,213214
217652,50.088,8.449,11590.0,LBSF,EGKK,209702
231140,50.066,2.527,10370.0,LEBL,EHAM,226008
231800,42.625,-3.221,10972.0,LEMD,EGLL,230307
237926,55.054,38.452,6004.0,URSS,UUEE,231673
238094,48.575,9.626,4953.0,EDDS,LTBJ,237646
238475,58.805,16.423,9174.0,ESSA,EHAM,237590
260077,55.993,36.451,4823.0,LSZH,UUEE,249545
283289,49.555,1.983,9974.0,LEBB,EBBR,279904
286312,48.258,16.519,1036.0,EPWA,LOWW,283454
287495,51.286,3.157,10972.0,EDDS,EGLL,284923
335292,44.547,0.087,11574.0,LEVC,EGKK,332209
361104,49.973,40.235,10668.0,UUEE,URSS,357359
369918,54.596,9.649,11277.0,EKCH,EGKK,368507
370377,55.521,15.611,10972.0,EFHK,EBBR,366411
371504,36.614,29.331,9745.0,OLBA,EGLL,367755
393929,50.966,0.027,2430.0,EKCH,EGKK,388582
417894,33.745,31.605,10363.0,LLBG,EGGW,415455
418773,41.232,1.909,3322.0,LEBL,EGLL,418412
455610,41.794,2.943,11269.0,LRCL,LEMD,447234
492306,47.448,-2.308,10965.0,LEMD,EGLL,488134
497741,50.497,1.358,8534.0,LSGG,EGLL,493312
501346,52.839,33.619,10972.0,UUEE,LBSF,498830
543866,51.742,1.491,6865.0,EKCH,EGLL,539104
566126,53.467,17.45,10668.0,EDDB,UUEE,564464
566268,56.686,25.233,10363.0,UUEE,EHAM,562604
579421,43.188,22.448,7109.0,EDDB,LBSF,574124
588786,50.941,0.619,5158.0,LLBG,EGLL,571211
641247,44.967,4.076,8778.0,LEMD,LSGG,637825
670063,51.696,-0.5,2766.0,EGAC,EGLL,667422
675793,52.289,-1.91,7604.0,EGPH,EGKK,673664
680634,45.819,15.268,10972.0,LLBG,EGGW,669355
