500
11459,56.625,30.052,11582.0,UUEE,EHAM,8603
13161,32.777,34.401,6858.0,LLBG,EHAM,12288
17057,50.634,39.884,10668.0,UUEE,URKK,12627
20957,54.047,27.499,10363.0,UUEE,LEVC,16678
23448,43.983,-5.399,11887.0,ELLX,LPPT,17781
25998,47.599,13.913,10363.0,UUEE,LEVC,16678
26610,47.092,40.211,10058.0,UUEE,URSS,20674
27390,53.314,-5.579,5897.0,EIDW,EGKK,26914
27924,48.965,40.416,10363.0,URSS,UUEE,24930
29160,51.64,40.223,10363.0,URSS,UUEE,24930
30774,52.008,5.694,11582.0,EPWA,EGLL,25221
30872,51.306,-0.45,3352.0,EINN,EGLL,27350
31683,51.647,0.308,3048.0,UUEE,EGLL,17519
33549,55.228,11.15,6591.0,LEBL,EKCH,25549
33772,42.098,23.617,11887.0,EDDF,LTBJ,26629
35806,32.356,34.322,2705.0,ESSA,LLBG,21488
37000,42.383,-0.752,10972.0,LEMD,LSGG,35260
41453,52.787,-2.029,5791.0,EGCC,EGLL,40106
42974,46.153,-0.029,10363.0,LEMD,EKCH,39715
43766,58.706,22.481,10058.0,ESSA,UUEE,42004
45041,45.577,22.729,10363.0,LGTS,UUEE,42015
47899,38.429,-3.887,11231.0,LEMG,EGKK,46689
48584,53.985,20.785,10058.0,EDDB,UUEE,46081
49882,52.038,24.293,10058.0,LFMN,UUEE,42425
50027,48.696,-2.693,10660.0,EGLL,LXGB,47978
50101,48.568,-2.749,10660.0,EGLL,LXGB,47978
50595,36.978,2.618,10965.0,LIRF,GMMN,46133
50727,49.804,2.404,11582.0,LSZH,EGLL,47678
51393,58.255,13.29,10988.0,EFHK,EGLL,47618
52065,51.366,-0.984,3322.0,EINN,EGLL,49255
52118,40.678,8.994,10668.0,LIRF,LEVC,50610
52954,59.748,17.995,975.0,EGPH,ESSA,45977
54836,33.121,32.29,7315.0,LLBG,EHAM,51911
58863,48.343,5.127,10355.0,LFSB,EGKK,57558
59520,50.553,4.741,8587.0,LIRQ,EHAM,55039
60936,46.047,-2.16,11582.0,LEVC,EGGW,56583
61713,52.218,18.371,9928.0,EPWA,EGGW,60441
61905,52.082,-2.911,9387.0,EGCC,LEZL,60920
62476,46.468,5.737,4975.0,LSGG,EGLL,62003
62622,53.873,2.072,10972.0,LTAI,EGPF,48098
63589,52.51,4.804,1104.0,LSZH,EHAM,59594
63660,41.368,2.751,6941.0,LEBL,LFSB,62855
64582,47.628,6.579,9182.0,LSZH,EGLL,63254
67194,46.835,40.047,10668.0,UUEE,LTAI,61145
68047,52.851,38.819,10058.0,UUEE,URSS,65840
69416,59.812,18.259,1927.0,EFHK,ESSA,66847
70378,55.738,36.133,5981.0,LIRF,UUEE,59478
70713,48.077,9.208,10363.0,LIMC,EKCH,69187
71136,51.317,3.363,10980.0,EDDS,EGLL,68502
71365,48.505,3.954,8831.0,EGLL,LFSB,68546
71438,52.554,4.604,762.0,LEVC,EHAM,64199
71477,48.814,8.977,11582.0,LSGG,EKCH,69704
73201,58.597,14.265,11285.0,EHAM,ESSA,69341
74028,51.86,3.303,11582.0,EPWA,EGLL,67262
74442,46.266,21.363,10972.0,LLBG,LOWW,64116
77064,45.063,5.864,11582.0,LFMN,EGGW,75894
77261,52.341,2.838,10668.0,EGLL,ESSA,75288
77842,42.439,-2.873,10668.0,EGLL,EDDF,70985
85028,44.131,39.391,7909.0,URSS,UUEE,84308
102817,59.264,23.939,4892.0,EETN,EKCH,102349
104674,46.218,40.365,8542.0,UUEE,URKK,99613
107797,37.495,-6.005,5486.0,LEMG,LPPT,106185
107799,53.783,26.984,10972.0,UUEE,LEBL,102962
108150,56.981,14.054,5760.0,ESTA,ESSB,107094
111821,56.685,9.019,11582.0,ESSA,EGKK,108690
111949,52.147,-1.766,6339.0,EIDW,EGKK,110073
113035,34.818,32.37,10363.0,OLBA,LEMD,110669
113763,49.957,41.019,10972.0,URKK,UUEE,110639
114767,46.07,14.79,11262.0,UUEE,LIRF,103429
115871,53.162,6.675,6377.0,EFHK,EHAM,109004
116375,38.568,-9.249,1203.0,EDDT,LPPT,104403
116583,40.257,-3.145,1699.0,LIMC,LEMD,109725
116731,50.528,6.559,11285.0,EGSS,LZIB,114571
118465,56.558,30.25,9753.0,UUEE,EKCH,115684
118495,56.936,25.623,10370.0,UUEE,EGLL,113878
120047,52.703,3.464,11277.0,EGSS,EKCH,118704
120151,50.69,40.588,10965.0,URKK,UUEE,116750
120741,44.834,5.218,11430.0,LFMN,LFRN,119310
122677,55.814,12.477,2019.0,EHAM,EKCH,119643
124651,51.667,10.023,11285.0,EGNM,LZIB,120710
125646,40.633,-3.67,2964.0,LEMD,EIDW,125182
125773,53.936,38.146,10363.0,UUEE,URSS,124094
126351,43.571,11.287,9898.0,LIRF,EGLL,125219
127090,55.6,37.085,4998.0,UUEE,URKK,126430
127381,43.592,21.435,11887.0,EDDS,LTAI,121989
127642,54.633,37.871,9121.0,UUEE,URKK,126430
127801,55.424,11.35,5539.0,EGLL,EKCH,123612
130201,50.339,2.056,7543.0,LSZH,EGLC,126710
130257,49.891,11.69,7635.0,EVRA,EDDS,124038
130885,51.955,11.684,10660.0,LSZH,ESSA,127734
131702,39.476,-4.598,11574.0,GMMN,EHAM,128062
132612,42.235,4.975,9761.0,LEBL,UUEE,130989
133835,47.792,40.376,10972.0,URSS,UUEE,131124
134191,43.213,1.168,10363.0,LEBL,EGGP,132739
134323,51.12,0.256,1501.0,LEMD,EGKK,127389
135490,49.257,-2.012,10774.0,GMMN,EGKK,126711
135777,48.109,21.224,11887.0,EDDH,LTAI,130858
135789,51.37,-1.063,3954.0,EINN,EGLL,132771
135799,47.081,11.395,11582.0,LIRF,EKCH,133074
136107,43.785,6.84,6507.0,LFMN,LFPO,135017
136422,42.885,-4.859,10980.0,LPPT,EGGW,133504
139456,39.492,2.232,10363.0,LEMD,OLBA,136877
139784,46.498,18.24,10706.0,LOWW,LBSF,136099
139834,52.345,4.257,10370.0,EKCH,EGLL,136098
141025,57.796,11.936,11277.0,EGCC,ESSA,135906
141209,48.994,14.238,9357.0,EGCC,LOWW,135384
142543,47.983,0.346,11269.0,EHAM,LPPT,139635
144383,51.24,-0.737,4061.0,EIKN,EGKK,141284
148340,56.059,34.722,9281.0,UUEE,EGLL,146857
148638,52.146,15.172,10972.0,EPWA,EGGW,146506
148881,54.683,10.084,10264.0,EKCH,EGLL,147864
150162,52.9,-2.085,11269.0,EGPH,EBBR,148450
151948,42.36,4.753,9761.0,LEBL,LFSB,150173
152366,48.829,18.326,10668.0,LEBL,UUEE,145463
153686,42.625,-2.023,11269.0,LSZH,LPPT,148864
154365,44.312,39.228,10363.0,LLBG,UUEE,147086
156492,49.972,-1.355,9662.0,LEBL,EGKK,151038
156706,43.503,-2.871,11582.0,LEMD,EGPH,154607
158640,56.115,36.717,3429.0,EPWA,UUEE,154156
159116,55.534,12.881,784.0,EFHK,EKCH,154187
160687,49.775,-1.149,10050.0,LEBL,EGKK,155181
164396,40.586,-8.059,11277.0,EGCC,LPPT,158092
167437,51.885,-0.146,3162.0,EINN,EGSS,164133
172749,45.02,18.279,10675.0,EGGW,LBSF,165840
190989,44.548,16.914,10972.0,LRCV,LEMD,187923
193241,50.774,9.955,10668.0,EDDS,EKCH,191724
193611,47.031,28.855,3543.0,LUKK,EDDB,193130
195648,55.053,1.174,11887.0,EGPD,EHAM,194146
198459,46.167,22.026,10363.0,LLBG,EHAM,188236
198652,56.323,12.427,11582.0,ESSA,EGKK,196019
198797,50.049,8.549,91.0,EKCH,EDDF,195126
199366,51.97,5.764,10668.0,EGGW,LUKK,197275
199380,41.509,-5.932,9464.0,LEMD,LPPR,197931
200398,41.393,22.504,11582.0,LLBG,EGLL,193059
201895,33.644,31.636,11574.0,LLBG,EGLL,199602
201990,51.801,2.455,10393.0,EKCH,EGLL,198212
204848,57.734,15.985,9791.0,EKCH,ESSA,203231
205053,48.746,2.503,426.0,LIMC,LFPO,200710
205066,54.482,13.239,8229.0,LDZA,EKCH,200041
207576,52.309,4.636,1303.0,EHAM,ESSA,207460
208560,40.498,-4.263,6499.0,LEMD,LPPT,207899
210287,50.299,21.382,10279.0,EPWA,LBSF,208886
210860,51.882,0.269,4305.0,EGLL,EFHK,210262
212037,46.805,23.964,1143.0,LLBG,LRCL,201709
212160,53.068,4.221,12489.0,EGLL,EFHK,210262
212769,47.416,0.984,8534.0,LEMG,LFPO,206138
213166,52.363,10.723,10363.0,LSGG,EKCH,209012
213525,56.054,-4.019,1684.0,EGLC,EGPF,210145
216011,46.29,39.707,10058.0,UUEE,URSS,210518
216807,47.82,-1.209,10370.0,LEBL,EGLL,212782
217945,40.87,0.618,9585.0,LEBL,LPPT,216976
218454,46.977,11.414,11582.0,LIRF,EHAM,215595
218627,52.52,4.639,10965.0,EKCH,EGLL,215713
220958,51.184,0.093,746.0,EKCH,EGKK,215276
221560,52.879,5.454,11574.0,EETN,EGKK,215195
221783,50.23,2.692,11643.0,LEBL,EHAM,216102
223092,47.61,7.491,1775.0,LFSB,LRCL,222926
223249,58.403,22.415,9532.0,EFHK,EBBR,221906
224116,44.44,39.463,8747.0,URSS,UUEE,223279
224651,53.923,7.545,11879.0,EHAM,EKCH,223162
225499,51.61,0.863,5181.0,EFHK,EGLL,216603
225738,57.136,17.139,11582.0,EETN,EGKK,223182
226857,57.883,16.999,11582.0,EFHK,EGLL,224235
227980,42.714,-6.463,11871.0,EBBR,LPPT,222091
228474,47.51,-1.067,10355.0,LEBL,EGLL,224528
228593,53.036,26.095,10668.0,LIRF,UUEE,220903
228793,57.168,9.117,10972.0,EFHK,EIDW,224001
229276,54.248,22.54,9456.0,EGLL,UUEE,221766
230894,57.258,17.286,10363.0,EFHK,EKCH,228087
230909,53.439,-5.788,1417.0,EHAM,EIDW,226746
231582,50.145,0.434,8282.0,EGLL,LSGG,230609
234065,41.843,-8.593,10965.0,LEGR,EGKK,230407
234233,53.931,-5.744,4046.0,EFHK,EIDW,224001
236420,45.6,10.767,10972.0,LEBL,UUEE,231498
236854,52.034,6.528,10972.0,EDDB,EGKK,234429
236975,54.64,37.654,10668.0,UUEE,LTAI,235120
237712,55.384,17.649,9448.0,EBBR,UUEE,232742
239586,54.026,28.19,3009.0,UMMS,UUEE,239222
240272,51.594,-0.626,2804.0,EGLL,EFHK,239507
241779,53.215,-2.417,7620.0,EGPH,EGLL,238929
241784,49.135,2.704,11582.0,LIRF,EGKK,235861
242189,52.84,2.16,7711.0,EIDW,EHAM,239544
242824,52.994,5.883,8618.0,EHAM,EKCH,242195
243204,57.274,29.185,10058.0,EETN,UUEE,241578
244440,47.702,2.559,11285.0,EGLL,LIRF,242131
246152,51.416,4.164,6842.0,EBBR,ESSA,245711
246749,45.495,6.793,10668.0,EHAM,LFMN,243234
247260,47.931,40.38,10668.0,UUEE,URKK,242395
248758,42.119,1.485,9372.0,LEBL,EIDW,247944
250956,51.148,-0.194,0.0,LFSB,EGKK,246620
251311,48.117,-2.698,11590.0,LEMD,EGKK,247150
251817,53.687,8.684,10675.0,EHAM,UUEE,250229
252141,50.933,-0.99,4480.0,LPPT,EGLL,244034
254302,48.137,-3.649,12192.0,LEMD,EIDW,250233
254448,43.621,-5.035,11277.0,EBBR,LPPT,248415
255765,54.268,37.896,10668.0,UUEE,URSS,254291
260745,47.236,18.553,10668.0,EGGW,LRTR,254261
265559,56.333,37.035,2583.0,EGLL,UUEE,254039
268402,49.157,24.118,10660.0,EIDW,LUKK,259189
280276,46.39,39.769,10058.0,UUEE,URSS,274446
282364,58.596,16.964,4579.0,ESTA,ESSB,279961
283699,52.395,-2.086,8648.0,EIDW,EGKK,281919
285165,47.308,7.744,10972.0,LIPZ,EGKK,283015
286192,52.913,-5.377,3604.0,EGLL,EIDW,283986
286205,44.16,20.925,11582.0,LLBG,EGGW,276887
286347,49.213,1.7,9448.0,EGLL,LSGG,284642
287359,51.478,-0.275,678.0,EIDW,EGLL,283982
289987,49.591,41.2,10058.0,UUEE,URMT,286049
290136,43.707,39.036,4457.0,UUEE,URSS,282628
290980,46.645,38.261,10370.0,URSS,UUEE,287754
292462,59.413,24.872,594.0,EETN,EKCH,292403
293207,41.132,1.777,3749.0,LEBL,LPPT,292841
293700,53.866,17.668,10972.0,UUEE,EGLL,287204
294231,54.009,8.309,11582.0,EKCH,EGKK,292283
294966,42.253,1.591,7879.0,LEBL,EFHK,294130
295317,53.669,-4.54,6408.0,EHAM,EIDW,291759
297076,48.582,4.582,10347.0,LFSB,EGLL,295568
297218,44.462,-2.968,10355.0,LEMD,EGLL,294955
297318,52.543,-5.486,5516.0,EDDH,EIDW,291657
297623,51.692,-0.451,2735.0,EIDW,EGLL,294872
297940,44.84,39.038,579.0,UUEE,URKK,284294
299109,57.358,16.408,11887.0,LSZH,ESSA,293623
299904,40.823,-3.251,5897.0,LEMD,EBBR,299088
299975,35.122,32.343,11582.0,OLBA,LFPO,297539
300952,47.427,10.532,11277.0,LPPT,LOWW,293635
301860,47.303,11.023,10347.0,LSZH,LHBP,300084
305167,54.909,10.324,10126.0,LEMD,EKCH,297664
305928,47.292,10.59,10447.0,LSZH,LTAI,304686
306078,51.676,19.515,10660.0,LEMD,UUEE,296884
306260,39.748,-8.72,7581.0,EGKK,LPPT,299318
307434,31.661,-7.795,3246.0,GMMX,LSGG,306812
308188,52.235,-1.634,6621.0,EIDW,EGLL,306105
309408,42.786,4.758,10058.0,UUEE,LEBL,296973
309433,52.682,25.578,10668.0,LEVC,UUEE,297820
310474,47.976,-2.822,8229.0,LFRB,LFPO,309589
314521,47.922,1.301,4678.0,LEMD,LFPO,310230
316419,43.763,-1.503,10988.0,LEMG,EHAM,312613
318180,37.775,26.43,12192.0,LLBG,EGLL,313210
320425,51.652,0.23,3352.0,EKCH,EGLL,314632
321301,38.595,-9.267,784.0,EHAM,LPPT,311402
322558,55.219,11.568,7749.0,EKCH,EGLL,321950
323296,39.617,-3.3,5181.0,LEVC,LPPT,320755
323300,48.537,3.252,11574.0,LIRF,EGLL,318037
323394,55.673,12.882,853.0,EPWA,EKCH,319847
323414,56.5,23.866,10660.0,EHAM,UUEE,317778
324447,56.355,18.982,10058.0,EBBR,UUEE,319343
325413,52.216,-1.853,6972.0,EIDW,EGKK,323692
325442,55.179,29.73,10980.0,UUEE,EDDB,322365
325709,58.693,22.157,11582.0,EFHK,EBBR,324264
327642,51.364,4.079,5798.0,LSZH,EHAM,324936
329289,48.742,12.281,10363.0,LFMN,EDDB,325915
329369,48.543,40.401,10668.0,UUEE,URSS,325069
329404,53.453,-2.871,10972.0,EGKK,EGAA,327281
329854,42.976,22.792,6934.0,EGSS,LBSF,320679
330146,51.751,1.682,7825.0,LLBG,EGLL,314626
330315,51.685,0.691,4411.0,OLBA,EGLL,314281
330900,56.174,7.209,11590.0,ESSA,EGLL,326277
331204,55.867,36.593,3413.0,LIRF,UUEE,319069
331213,45.637,39.801,10363.0,URSS,UUEE,329746
331495,51.77,-0.686,2743.0,EGAC,EGLL,329069
331965,56.767,14.467,10416.0,EKCH,ESSA,330507
332268,51.297,6.93,6926.0,EFHK,EBBR,324264
332314,53.581,7.281,11567.0,EKCH,EGLL,329813
333312,59.242,15.555,9982.0,EGLL,ESSA,327806
334503,51.525,9.924,10972.0,LSGG,EKCH,331398
334629,52.867,11.817,7109.0,EGKK,EDDB,330518
334696,51.659,0.329,3467.0,EPWA,EGLL,327850
335716,50.937,0.343,2301.0,LIMC,EGKK,331045
336082,51.277,-0.487,2590.0,LEMD,EGLL,330041
344299,47.064,28.049,5737.0,LUKK,UUEE,343490
347160,49.496,22.152,11277.0,LUKK,UUEE,343490
352515,46.497,40.4,10462.0,UUEE,URKK,347358
364144,44.098,38.721,7421.0,UUEE,URSS,357359
368496,46.631,7.084,10972.0,LIML,EBBR,367186
370261,46.599,1.25,11285.0,EBBR,LEMD,367196
370300,53.06,-6.378,5242.0,EIDW,LPPT,369576
372318,39.552,-6.391,10675.0,LEBL,LPPT,368593
373047,55.602,6.74,12192.0,EFHK,EGLL,367431
373473,36.489,33.58,11574.0,LLBG,EGLL,370539
373547,41.726,1.672,7002.0,LEBL,EGLL,372839
373669,56.075,17.16,12184.0,EVRA,EGKK,371454
374245,55.802,15.341,12192.0,EVRA,EGKK,371454
375169,51.928,7.986,9791.0,LLBG,EHAM,361047
376359,42.307,-5.283,8526.0,LPPT,EGLL,373677
376905,44.886,9.116,11590.0,LEMG,EKCH,370220
376944,50.151,-1.319,8359.0,LEBL,EGKK,371540
377634,48.484,8.778,11582.0,LEBL,EKCH,372801
377665,50.987,-0.151,2385.0,LEBL,EGKK,371540
379419,52.334,6.452,6271.0,LIRF,EHAM,373842
381774,46.51,6.485,5669.0,LSGG,EKCH,381185
383552,49.082,2.264,9966.0,EBBR,LPPT,381839
384089,46.945,0.645,10363.0,LEMG,EBBR,377196
385605,49.703,-1.61,9525.0,LEMD,EGKK,380065
386342,48.924,12.422,10988.0,LBSF,EGGW,381234
387796,38.596,-8.874,2872.0,LEMG,LPPT,383227
388829,53.678,-3.054,9745.0,EGLL,EGAC,386303
389218,59.906,22.914,8641.0,EFHK,EGLL,388395
389342,47.656,4.905,10363.0,LIRF,EGLL,384730
390997,58.59,17.034,11597.0,EFHK,EGLL,388395
391130,51.476,-0.703,1066.0,LSZH,EGLL,385810
391932,48.892,-1.599,11582.0,LEMG,EGCC,383956
395120,52.108,21.195,10073.0,LEMD,UUEE,384643
395202,54.573,30.723,10652.0,LEBL,UUEE,383592
396800,57.38,12.357,11277.0,EHAM,ESSA,393324
398091,56.075,37.958,3429.0,URSS,UUEE,390438
398096,46.64,4.751,5593.0,LSGG,LEMD,396946
399416,51.15,-0.172,327.0,LIRF,EGKK,392039
402380,37.435,30.741,11582.0,LLBG,LUKK,398390
404731,51.144,-0.219,670.0,EGKK,EGAA,404696
405081,48.256,-2.096,10972.0,LEZL,EGKK,398216
405295,51.102,2.956,5867.0,EIDW,EBBR,402037
405871,51.691,2.381,8686.0,EKCH,EGKK,401349
408764,54.603,-6.183,1371.0,EGAA,EGKK,408509
410517,55.719,12.895,975.0,EPWA,EKCH,406834
412068,49.145,16.708,10363.0,LLBG,EHAM,399590
412845,55.554,11.792,4206.0,EGKK,EKCH,408497
413088,45.624,4.492,11277.0,LSZH,LEMD,410992
415469,58.84,17.893,5074.0,EDDH,ESSA,411539
415638,41.866,-3.017,11574.0,LEGR,EGKK,412609
415645,56.263,16.146,11887.0,LEMG,ESSA,402719
415728,43.046,-2.159,8534.0,LEMD,EHAM,413805
415760,43.449,39.953,0.0,URSS,UUEE,415760
416761,47.652,11.714,11574.0,LFMN,EDDB,413852
417331,43.014,22.029,6713.0,LEMD,LBSF,407919
417845,51.476,1.775,6995.0,EDDS,EGLL,414670
419112,52.004,-0.131,1836.0,LRCL,EGGW,410099
419760,54.736,4.035,11277.0,EGKK,ESSA,417434
419981,40.619,-3.569,6987.0,LEMD,EGLL,419354
420059,36.435,27.977,10363.0,LLBG,EGGW,415455
421105,53.923,10.441,5676.0,EDDH,UUEE,420596
421264,54.115,10.874,7117.0,EDDH,UUEE,420596
421465,45.361,-3.719,11582.0,LEZL,EGKK,416614
422109,45.101,8.153,10965.0,LIRF,EGLL,419449
422607,52.556,7.519,10668.0,EGSS,EDDB,419952
424775,56.586,23.537,10058.0,EDDH,UUEE,420596
425588,49.516,12.716,11582.0,LEBL,EDDB,419220
430462,47.271,15.053,10066.0,EGLL,OLBA,425125
433457,56.528,19.363,10668.0,EIDW,UUEE,425750
435906,48.816,16.531,10660.0,LEBL,UUEE,428669
436310,56.248,29.408,10668.0,EIDW,UUEE,425750
456985,53.305,13.545,6156.0,EFHK,EBBR,452446
458061,44.346,-3.859,11582.0,LEMD,EGKK,455515
459241,52.331,2.676,9814.0,EGLL,EKCH,457521
459996,47.205,-2.347,10972.0,LEMD,EGLL,455733
461091,41.729,11.91,2865.0,LIRF,EGLL,460736
461981,50.516,9.339,9448.0,ELLX,EDDB,460318
463037,41.762,12.181,1226.0,LIRF,LEMD,462755
465405,40.841,9.426,10668.0,LIRA,LEZL,463255
465517,40.301,7.039,10050.0,LIRF,LEMD,462755
466876,35.978,-7.899,11582.0,GMMN,LPPT,465394
468080,47.668,10.874,11277.0,LPPT,UUEE,459276
468542,45.02,4.206,8366.0,LEMD,LSGG,464338
469872,45.415,11.563,12192.0,LIRF,EKCH,467788
471297,40.008,0.181,10972.0,LEBL,LEZL,470005
472089,48.051,15.021,8526.0,LOWW,LSZH,471248
472407,42.786,-2.887,11148.0,LEMG,EGCC,468743
472859,40.503,-6.802,11582.0,LPPT,EKCH,470644
473315,55.01,10.036,9936.0,EGLL,EKCH,469535
474776,41.09,-3.729,11582.0,LEZL,EGGW,472409
474930,52.009,20.675,3413.0,EPWA,EHAM,474182
479069,51.777,4.267,11894.0,LEBL,ESSA,472265
479180,50.682,23.017,10675.0,LGTS,UUEE,473936
480515,46.939,28.407,1737.0,LOWW,LUKK,476130
480919,56.059,37.671,769.0,LLBG,UUEE,467320
480946,40.285,-8.538,10805.0,LPPT,EGKK,478852
481070,47.402,18.432,6004.0,LGTS,LZIB,476991
481477,47.246,14.283,10668.0,LEBL,UUEE,475767
482084,55.572,35.126,7620.0,LFLL,UUEE,470813
482794,33.168,-7.603,10927.0,GMMX,EGGP,481295
483693,53.604,9.929,10972.0,UUEE,EBBR,474665
484010,42.117,-3.324,9768.0,LEVC,EGLL,481811
485881,50.906,0.71,5631.0,LIRF,EGLL,478366
486274,52.518,4.174,2400.0,EIDW,EHAM,483175
487584,51.148,0.241,1219.0,LPPT,EGKK,478852
489105,49.751,-1.575,10172.0,LEBL,EGLL,482811
493029,57.131,14.981,11582.0,EFHK,EHAM,489794
493209,58.589,5.591,3870.0,ENZV,EGLL,492875
494183,37.742,-5.458,2423.0,LEBB,LEZL,490955
497062,43.986,1.391,8221.0,LSGG,LEMD,494779
497517,51.142,-0.233,876.0,EGKK,LEVC,497455
497905,50.721,-0.336,5989.0,EGKK,LEVC,497455
498358,52.473,10.267,9456.0,LSZH,EKCH,494726
500410,42.445,-6.75,10965.0,LPPT,EHAM,497639
500782,43.181,-6.454,10972.0,LPPT,EHAM,497639
504098,54.655,8.667,11879.0,EGLL,EKCH,500796
506157,48.563,1.464,10972.0,LEMD,EBBR,501200
507942,42.819,23.248,1798.0,UUEE,LBSF,498830
522246,49.904,40.503,10972.0,OLBA,UUEE,513691
522580,52.737,6.205,10066.0,EIDW,LUKK,519251
524541,48.376,11.224,10675.0,LEMD,UUEE,517921
540071,43.748,7.603,11269.0,LRCV,LEMD,533339
540241,53.737,27.217,10972.0,UUEE,LIRF,535768
541917,44.599,6.934,11582.0,LIRF,EGKK,538734
544134,44.324,-5.105,11277.0,EDDH,LPPT,535954
545475,39.472,-6.785,10058.0,LIRF,LPPT,536797
545509,59.609,18.728,2453.0,EFHK,ESSB,542350
547653,51.54,2.536,9982.0,EDDF,EGLL,543922
548492,49.951,1.954,10668.0,LIPZ,EGKK,541711
548871,43.726,7.722,11582.0,GMMX,EDDB,539677
550048,38.729,-4.913,9700.0,EGKK,LEZL,542411
550163,51.161,4.201,12192.0,LLBG,EGLL,535459
552113,47.524,8.965,2240.0,EDDC,LSZH,548645
555294,41.004,-3.626,4785.0,LEMD,ESSA,554787
556095,45.238,25.545,8458.0,LLBG,LRCL,547543
556539,49.31,1.625,10363.0,LEMG,EBBR,550275
556620,49.081,10.367,10668.0,EGCC,LTAI,552186
557142,47.226,17.049,11269.0,EGGP,LBSF,550734
559355,45.771,-0.342,10972.0,LEMD,EHAM,556624
559912,39.691,-3.473,10965.0,LEMG,EGCC,558094
560108,53.803,12.277,9639.0,LIRF,EKCH,553456
560686,51.996,-0.278,7078.0,EGKK,EGAA,559646
562021,46.941,-3.837,11590.0,LEMD,EGGP,558669
562579,47.306,3.765,10058.0,EGGD,LSGG,559557
563043,53.225,-3.892,8488.0,EIDW,EGLL,562100
563256,56.128,35.566,7086.0,UUEE,EGLL,562399
564568,48.102,17.127,11269.0,LEVC,UUEE,557055
564933,47.422,4.588,11582.0,LSGG,EGGP,563407
566405,53.637,-5.055,9753.0,EGCC,EINN,563951
566445,49.059,2.969,8526.0,LSGG,EGLL,564084
567512,43.262,29.143,11574.0,LTAI,ESSA,563434
569635,40.647,-2.826,3406.0,LSZH,LEMD,561556
570571,53.003,-6.419,5722.0,EIDW,GCRR,569581
571668,58.889,5.637,320.0,ENZV,EGGW,571013
571942,56.41,19.737,11658.0,EVRA,EHAM,570421
571997,44.454,-3.793,10363.0,LPPT,EBBR,568266
573212,49.382,2.638,11582.0,LSGG,EGLL,570444
574825,50.798,-1.302,7810.0,EGKK,GCRR,574078
578140,48.391,9.218,10972.0,LIMC,EKCH,576397
578451,52.387,4.339,9768.0,EKCH,EGLL,575000
579186,34.217,30.816,10363.0,LLBG,EDDB,576757
581081,41.137,-7.745,10668.0,EGLL,LPPT,572980
581886,45.855,5.452,11574.0,LIRF,EGKK,577806
583192,47.959,3.763,11582.0,LIRF,EGKK,577806
585178,52.314,5.265,11582.0,LTAI,EGCC,571654
586523,51.727,1.295,5737.0,EKCH,EGLL,581579
588966,53.308,-5.773,5814.0,EIDW,EGKK,588444
590958,49.873,1.625,11574.0,LSGG,EGGW,587948
591386,50.2,12.638,10972.0,UUEE,LPPT,582479
594237,53.436,-0.665,3718.0,LRCL,EGCN,584097
603350,55.144,12.821,10066.0,EGLL,UUEE,598806
606919,44.003,38.729,6461.0,UUEE,URSS,600239
610596,54.562,30.728,10058.0,LEBL,UUEE,599797
629849,43.669,-1.912,11582.0,LEMG,ESSA,626216
630998,51.395,0.002,2286.0,LFSB,EGLL,626399
631624,49.583,11.304,11582.0,EPWA,LSGG,627407
632085,53.256,16.143,10363.0,UUEE,EGLL,623048
632151,51.648,0.062,2872.0,EKCH,EGLL,626501
633738,53.925,8.301,11887.0,LEMD,EKCH,626410
634360,37.705,-7.998,4564.0,LPPT,LEZL,632684
634571,46.405,6.356,1775.0,EPWA,LSGG,627407
634661,52.523,9.154,10363.0,UUEE,EGLL,623048
636402,47.62,-2.268,10370.0,LEMD,EGLL,632811
639124,40.722,-7.637,11277.0,EGCC,GCRR,631227
639527,54.174,8.612,11277.0,LEMG,EKCH,630410
640114,50.617,-0.046,7002.0,EGLL,LSGG,638519
641791,48.585,2.411,3322.0,LPPT,LFPO,634702
642515,34.857,-10.054,11277.0,EGCC,GCRR,631227
642775,48.776,2.667,1264.0,LIRF,LFPO,637006
643786,44.68,19.75,11269.0,EGLL,LBSF,637043
645754,42.281,1.445,8549.0,LEBL,EGLL,644560
645882,45.134,38.961,11277.0,UUEE,LTAI,639514
649461,50.261,1.796,11590.0,LSZH,EGLL,645767
650181,54.782,25.508,11887.0,EHAM,UUEE,643994
650649,50.812,-1.643,11277.0,EGSS,LEZL,649339
650944,52.777,6.534,11597.0,EDDH,EGLL,649390
652261,56.251,18.485,10370.0,UUEE,EGLL,646138
652828,40.773,23.597,12192.0,LTAI,LFSB,648796
653633,44.46,0.544,11582.0,LEBL,EGSS,651599
654087,51.562,-0.959,10668.0,EGGP,LSGG,652697
657191,46.171,6.009,2179.0,LSGG,EGLL,656891
657560,51.667,0.435,3657.0,EFHK,EGLL,648045
657572,48.33,40.393,10668.0,UUEE,URSS,652349
658484,51.409,-1.468,11277.0,EIDW,LIMC,656269
659325,50.766,-3.495,10058.0,EICK,EGKK,657490
659937,51.744,1.571,6728.0,EKCH,EGLL,654651
662526,52.313,10.07,11582.0,EPWA,EGLL,658242
663143,40.545,-3.556,944.0,LEMD,LIRF,663099
664207,49.628,5.198,11574.0,LIRQ,EHAM,660051
664268,55.94,7.872,11582.0,EFHK,EGKK,658780
664587,41.922,11.405,7155.0,LIRF,EGLL,664084
665467,44.363,-2.614,11597.0,LEMG,EGGW,661145
666669,41.142,2.765,6758.0,LEBL,LIRF,666065
668889,45.279,13.389,11582.0,LLBG,EGLL,658014
669339,55.467,6.369,11590.0,EFHK,LPPT,663512
670125,52.985,2.989,10363.0,ENZV,EGLL,666759
673135,42.215,1.426,8846.0,LEBL,EGKK,672041
673455,55.752,36.225,5265.0,EVRA,UUEE,669658
673952,55.513,12.418,1737.0,EKCH,EGLL,673704
674330,55.234,11.603,6332.0,EKCH,EGLL,673704
675461,52.146,-1.761,6393.0,EIDW,EGKK,673659
676928,46.92,4.581,10980.0,LIRF,EGKK,672662
677080,55.71,11.95,2987.0,EGKK,EKCH,673101
678278,41.556,11.327,5920.0,LEBL,LIRF,674534
678677,51.633,-0.494,1950.0,EGLL,EKCH,677706
679117,48.828,1.013,10363.0,LPPT,EHAM,673640
679704,51.465,-0.204,1021.0,EKCH,EGLL,673704
684038,55.337,5.143,11894.0,EGLL,ESSA,681590
684429,52.433,4.396,2324.0,LEVC,EHAM,677767
684588,41.148,9.857,11277.0,LIRF,LEBL,683382
686694,51.575,2.49,6720.0,LLBG,EGGW,669355
